32.0
32.0
32.0
32.000122
32.000122
32.000122
32.000874
32.002472
70.30921
62.4228
64.4248
68.97675
63.711353
83.83681
71.96626
74.45587
97.98512
116.592316
99.00489
99.25893
80.34883
88.30951
69.73022
70.642975
77.01137
74.18869
90.556046
73.56362
61.596672
84.7987
112.01985
125.51047
112.02062
128.81693
108.93828
99.96878
99.41316
63.99959
63.99959
62.482437
65.63768
72.66337
74.33946
77.29407
71.92232
124.6478
128.35898
103.81062
92.29825
86.37309
71.98607
86.98619
64.11455
69.55182
60.594707
60.008453
54.00324
62.40693
58.458096
157.04652
159.56125
180.49998
129.01439
145.5014
62.74253
50.95628
87.31621
65.35086
81.766304
76.16488
71.70883
71.53284
72.583725
76.67023
86.00537
102.44838
103.57298
98.87764
98.95391
93.19912
100.94733
74.84874
66.32141
78.582504
78.77424
85.71379
59.306454
93.550095
118.101364
116.53824
145.83974
129.94243
151.13823
97.31493
123.56642
77.22999
73.04889
72.376816
70.65524
64.25795
89.103455
73.8854
70.28825
93.02208
104.31506
123.25603
84.433464
84.433464
80.42258
88.15031
66.66115
61.06074
60.90043
61.75167
64.37537
78.148834
64.945145
176.90454
141.02393
182.46956
127.453
112.69845
63.280273
65.96196
71.43321
91.51166
62.415535
50.51789
64.15332
76.58064
84.2865
94.72125
154.03368
117.08133
124.00425
98.5479
85.53459
73.72777
65.44772
86.10635
78.59001
95.23394
81.99312
71.06743
67.967636
84.84716
90.91815
119.43898
109.925735
140.38602
161.84686
88.155396
129.07764
123.290115
88.193344
79.20346
77.97911
71.75762
77.361626
72.97247
75.19299
96.555885
97.86372
101.91393
86.13135
78.65205
90.990814
71.025925
61.99533
76.7328
68.78042
51.199318
68.4419
61.670113
52.028236
106.43339
160.92603
180.16232
166.31606
158.2495
63.625557
76.74982
85.07432
66.913155
52.71688
69.0677
72.67708
68.77469
75.69305
74.92349
103.00058
119.53667
105.94941
102.30407
84.06708
94.97003
72.46967
78.33645
87.30763
85.55905
86.731125
82.06261
62.31201
76.05952
109.09372
111.61634
110.71849
146.11316
130.43027
103.41738
104.60086
77.46007
61.68049
63.01938
91.938126
96.12205
75.25945
91.12912
88.69724
94.13949
120.11437
116.32845
89.206406
78.62903
94.78557
96.84535
97.02936
72.11199
65.8827
69.43369
73.517166
69.414215
56.320168
85.71863
156.7034
174.72858
176.85551
80.97007
62.18495
53.614975
70.24429
55.096397
57.591423
66.618744
68.540215
63.893806
83.13188
80.785095
100.34176
109.81219
99.393234
101.64034
91.88908
92.31019
85.87009
109.17695
72.1015
104.89439
107.004
83.98682
60.25461
64.33479
119.06243
99.11232
137.69019
117.96195
139.70294
102.30379
128.48683
85.67157
65.397316
79.41579
77.73558
74.558136
81.51387
69.381874
81.77008
94.89868
105.859924
118.22675
91.13581
88.13672
90.79919
80.41848
66.55517
73.3524
59.279358
59.60125
70.1143
75.88463
92.75499
120.33925
167.9011
173.6818
146.47415
121.47723
57.426792
52.293312
91.81877
108.775055
107.58543
103.98874
103.98874
116.45225
100.78372
135.73157
111.9715
88.31735
87.30989
76.03041
75.19612
77.31142
87.53192
71.25398
75.19575
59.94255
63.203796
56.98247
66.49497
62.999306
87.40672
159.6567
149.5003
99.125755
93.63003
107.7207
113.13547
71.109436
120.98637
153.70691
99.2042
106.92979
81.81317
86.7722
117.365906
117.43916
92.12557
108.87788
74.82472
90.72574
105.19274
93.37418
103.45995
66.21833
74.64894
73.512764
82.54726
65.10921
69.01789
100.44863
113.24083
97.84429
113.76064
133.03018
114.06358
128.8345
83.05902
61.076317
53.21331
67.02456
67.73097
84.8163
65.51672
70.04985
92.76198
115.618866
125.073524
99.339264
75.71335
89.35338
75.79603
133.15424
110.923706
99.928764
87.142975
96.0414
54.843628
90.61859
91.53333
109.723465
121.99833
158.3717
123.39641
108.35771
110.23372
86.56818
68.1705
65.34787
57.3257
69.06143
70.79065
78.66815
66.21198
112.44698
119.45718
115.69881
93.15976
79.92913
83.698654
72.264626
71.60809
73.00986
62.57422
64.048615
70.18051
47.420944
68.512665
70.56804
128.83362
163.38707
128.48627
127.18114
89.820206
51.479195
65.38196
88.967804
143.6883
108.65701
110.105316
117.32223
98.703575
127.6432
109.44887
126.1059
84.47056
78.07883
83.71445
64.47907
105.05888
85.27292
68.08804
59.607697
72.8045
67.82826
71.89143
82.19178
55.97007
124.670425
131.13675
151.36218
96.8004
131.95892
102.930016
89.091995
83.17333
89.110886
97.39248
81.62483
71.74552
87.97731
123.003075
115.30026
99.2762
111.60004
76.3158
126.3831
124.17798
87.895065
80.71327
61.256355
65.756
50.232826
51.45034
48.631203
78.15243
107.87396
101.055405
126.85536
167.64478
136.38744
103.454056
118.935524
71.29339
66.13817
64.1588
58.968277
63.821625
67.66138
71.88136
74.37152
96.24383
111.60031
117.08565
86.07121
101.83431
83.16109
82.82312
95.246544
73.39661
128.59885
108.34742
92.87126
68.6732
81.63558
96.21767
131.64543
152.44008
115.31978
139.75856
84.51364
105.24875
67.26311
77.141205
90.58281
74.70514
77.208374
70.96442
85.838806
76.304695
114.123024
139.26581
103.5616
94.045135
80.42958
81.00006
82.58687
67.83733
79.69389
66.31911
69.9357
69.94058
59.304302
79.68071
106.91632
157.90979
196.60265
163.75294
119.94877
62.116657
64.05432
64.05432
115.8294
106.87104
98.4238
91.24766
94.27667
74.13636
154.02235
99.36098
111.98694
96.98539
77.98399
83.85354
93.59411
91.28084
86.304634
67.231674
65.43178
60.581116
76.94267
65.08612
70.5148
141.12683
158.8719
158.70522
100.5005
111.51471
137.91728
87.16594
108.95203
108.34151
120.474884
91.71109
84.47279
127.154175
96.151596
91.524506
111.98497
105.1312
102.67411
84.99443
106.93768
124.40818
79.64721
107.43546
83.929825
69.35188
62.26317
75.27398
79.39367
81.459206
92.76372
125.48587
152.17119
108.091835
139.84335
102.1904
91.15823
101.997116
68.239586
69.82873
76.34423
64.24629
69.60124
108.890945
93.39744
97.21014
97.819756
118.49441
98.21512
89.62668
89.95636
83.29289
98.48672
125.26012
105.23436
111.62873
89.79975
89.49451
80.79759
107.18779
119.22655
136.55624
109.945335
118.07058
102.08333
91.6507
129.54764
66.962494
53.16281
62.106495
67.25638
76.64835
76.63894
80.425644
78.94368
91.96266
124.14457
99.70632
85.63822
89.65824
94.4656
76.94473
70.106995
59.633713
68.17947
71.31935
59.91679
62.751476
128.09148
168.98573
142.93475
156.20862
120.97595
134.2215
64.52297
54.493034
62.466057
128.31534
106.66395
103.44974
114.1836
102.37151
110.55581
84.62836
85.9879
124.38105
102.673584
60.78356
69.060555
125.38465
74.85895
72.155624
53.477745
88.59535
81.01163
58.3786
39.36707
64.87286
82.76297
46.594875
47.20994
71.5146
38.784523
42.353218
64.3906
118.13292
137.02573
79.45808
66.05252
59.972206
58.398956
112.178825
145.71521
109.505104
65.71715
73.74664
61.242935
56.336685
56.782066
97.93282
86.20871
79.78821
82.13112
78.76021
81.66704
79.6192
96.67316
162.79924
120.80712
77.71004
69.367676
47.639294
46.27908
71.1666
96.16708
100.46628
115.23356
98.654724
89.734795
89.18303
68.301636
92.41275
76.689644
96.578735
77.191666
103.85783
69.0061
64.78418
124.10657
102.82656
121.01004
97.719635
95.84782
66.02367
64.77417
80.14902
101.69614
86.99414
94.39358
82.18033
78.902695
61.66713
100.62294
108.911415
114.86978
84.74388
91.25363
97.46139
88.34331
86.81296
102.28629
111.90614
98.852905
104.7935
86.32417
63.337414
56.03634
100.74067
83.2161
85.44139
85.794876
81.353485
79.38813
80.80539
94.161865
117.104515
69.53755
80.72823
90.648544
58.259216
58.050285
69.69288
131.92976
113.926315
106.1741
130.09003
101.96882
98.73146
131.83862
118.86439
109.01878
65.673676
70.61836
82.07472
68.622955
80.99051
77.43112
87.535355
80.54753
83.38375
78.80272
80.71833
79.16295
116.12899
137.99109
112.46837
85.85394
77.05175
70.39363
67.83029
73.716835
131.86176
62.727043
64.35889
63.79889
67.890625
61.13512
115.252716
115.04246
118.14575
98.4501
80.64694
58.408833
60.00828
65.81023
74.706085
90.70987
85.52706
84.49676
80.49844
82.9467
83.48479
80.65567
174.69238
134.1496
111.85205
62.567226
70.90076
53.788902
53.95276
102.07135
124.65542
103.359604
100.38507
99.49716
92.92538
78.791016
117.301865
101.85605
91.48689
76.686554
72.677666
59.37005
84.59366
66.260956
127.15563
108.66514
81.860664
75.203735
77.39897
67.01605
74.0789
105.44923
88.0356
59.61486
134.63791
64.33997
97.90785
70.61791
86.28329
107.01363
97.50531
101.55888
85.921196
82.99304
86.701035
123.33413
112.27298
94.47039
64.51236
65.759384
53.45893
75.07103
73.00455
90.8182
84.849396
80.89876
78.97531
76.20581
76.98335
77.424576
107.12887
97.16622
90.49013
69.809525
79.05809
57.19198
67.704926
98.58973
117.89725
127.07929
103.28632
107.3109
107.990944
146.41565
100.782745
92.8999
77.865036
75.463844
80.40187
111.57249
122.50374
106.89198
95.463104
82.0773
78.82483
79.61154
81.68078
81.0291
137.59981
125.24301
95.164154
93.96994
83.73288
67.69927
68.03967
74.2751
106.61388
90.53551
74.34236
79.81962
76.522675
82.64109
73.304504
152.87802
134.30606
97.82334
77.4789
79.13295
75.68698
78.308075
96.06931
110.16068
92.577835
88.81401
89.300964
82.49666
71.73827
169.27719
140.33447
114.60399
53.8757
56.298203
48.72856
73.222824
72.462265
132.90219
92.33138
110.80412
94.22612
90.66293
85.16748
77.50142
93.93963
118.86512
72.71372
101.25755
100.518425
91.21089
97.87754
125.12296
96.82626
79.687775
105.926186
94.58574
72.08984
110.992134
87.71292
110.45495
122.51476
107.04206
111.32282
115.32819
115.32819
115.617966
