22081.0
22081.0
22081.0
53.0
53.0
53.0
1690.0
13447.0
570.0
613.0
484.0
484.0
570.0
570.0
527.0
570.0
484.0
570.0
570.0
570.0
484.0
613.0
484.0
613.0
570.0
570.0
570.0
570.0
484.0
527.0
570.0
570.0
699.0
570.0
570.0
570.0
570.0
613.0
613.0
570.0
484.0
570.0
570.0
613.0
484.0
699.0
570.0
570.0
570.0
570.0
570.0
570.0
570.0
570.0
570.0
570.0
570.0
570.0
570.0
570.0
570.0
570.0
570.0
570.0
613.0
613.0
570.0
2336.0
2379.0
570.0
484.0
2723.0
570.0
656.0
699.0
570.0
570.0
570.0
484.0
570.0
527.0
613.0
484.0
570.0
570.0
484.0
570.0
570.0
484.0
527.0
570.0
570.0
570.0
570.0
570.0
656.0
484.0
1216.0
613.0
484.0
570.0
527.0
570.0
570.0
570.0
570.0
484.0
484.0
570.0
527.0
484.0
570.0
570.0
570.0
2594.0
570.0
613.0
570.0
570.0
570.0
570.0
570.0
613.0
570.0
2422.0
2637.0
484.0
570.0
570.0
570.0
613.0
742.0
699.0
570.0
570.0
570.0
570.0
613.0
484.0
570.0
398.0
570.0
570.0
484.0
484.0
570.0
484.0
484.0
570.0
570.0
570.0
527.0
570.0
527.0
527.0
570.0
570.0
570.0
570.0
484.0
656.0
484.0
570.0
570.0
570.0
484.0
613.0
613.0
570.0
570.0
570.0
570.0
570.0
613.0
527.0
699.0
570.0
570.0
570.0
570.0
613.0
570.0
656.0
570.0
828.0
484.0
871.0
570.0
527.0
570.0
570.0
699.0
570.0
570.0
570.0
613.0
613.0
1044.0
570.0
398.0
828.0
570.0
484.0
570.0
484.0
570.0
570.0
570.0
570.0
570.0
570.0
613.0
570.0
484.0
527.0
570.0
2163.0
1991.0
1991.0
570.0
570.0
699.0
570.0
570.0
570.0
570.0
785.0
570.0
570.0
570.0
570.0
570.0
570.0
699.0
570.0
570.0
570.0
570.0
613.0
613.0
570.0
570.0
484.0
484.0
484.0
570.0
570.0
570.0
484.0
570.0
699.0
914.0
484.0
613.0
570.0
1000.0
1044.0
1087.0
1044.0
570.0
484.0
527.0
570.0
527.0
570.0
570.0
570.0
570.0
570.0
656.0
914.0
871.0
785.0
742.0
570.0
613.0
570.0
1000.0
570.0
699.0
957.0
570.0
613.0
613.0
570.0
570.0
570.0
570.0
570.0
570.0
1000.0
699.0
570.0
570.0
570.0
570.0
613.0
613.0
1044.0
1044.0
957.0
957.0
957.0
1000.0
914.0
957.0
656.0
613.0
570.0
570.0
828.0
828.0
570.0
570.0
656.0
699.0
656.0
570.0
656.0
570.0
613.0
656.0
570.0
527.0
570.0
570.0
570.0
484.0
570.0
570.0
570.0
570.0
570.0
484.0
484.0
484.0
699.0
570.0
570.0
570.0
570.0
570.0
828.0
656.0
1087.0
1173.0
570.0
527.0
484.0
484.0
570.0
484.0
570.0
570.0
570.0
570.0
656.0
484.0
484.0
484.0
484.0
570.0
613.0
570.0
484.0
914.0
570.0
570.0
570.0
570.0
570.0
1130.0
1044.0
1130.0
570.0
1044.0
484.0
570.0
570.0
570.0
570.0
570.0
570.0
957.0
570.0
828.0
871.0
570.0
484.0
484.0
570.0
613.0
613.0
699.0
570.0
570.0
570.0
484.0
570.0
613.0
570.0
570.0
570.0
570.0
570.0
699.0
570.0
570.0
699.0
570.0
570.0
570.0
613.0
613.0
656.0
1000.0
1000.0
1000.0
1044.0
957.0
1000.0
957.0
570.0
656.0
1044.0
656.0
570.0
828.0
742.0
828.0
656.0
570.0
656.0
656.0
570.0
613.0
527.0
699.0
699.0
570.0
613.0
570.0
570.0
570.0
570.0
570.0
570.0
484.0
2077.0
484.0
613.0
484.0
742.0
570.0
484.0
570.0
570.0
570.0
570.0
570.0
570.0
311.0
828.0
570.0
527.0
484.0
484.0
484.0
570.0
570.0
570.0
570.0
656.0
613.0
484.0
484.0
484.0
570.0
570.0
613.0
570.0
570.0
570.0
570.0
914.0
570.0
527.0
957.0
1130.0
1087.0
1044.0
1087.0
527.0
570.0
527.0
570.0
570.0
570.0
570.0
613.0
570.0
570.0
742.0
785.0
828.0
484.0
570.0
570.0
570.0
957.0
957.0
570.0
570.0
1000.0
613.0
570.0
570.0
570.0
570.0
570.0
570.0
570.0
1000.0
1000.0
570.0
570.0
570.0
570.0
570.0
570.0
570.0
570.0
1000.0
957.0
957.0
1000.0
398.0
957.0
613.0
656.0
656.0
570.0
570.0
1044.0
828.0
570.0
570.0
656.0
570.0
484.0
527.0
613.0
613.0
699.0
570.0
570.0
570.0
570.0
570.0
398.0
398.0
398.0
398.0
570.0
570.0
570.0
398.0
699.0
484.0
484.0
570.0
570.0
570.0
570.0
613.0
699.0
1130.0
570.0
656.0
656.0
656.0
527.0
570.0
570.0
570.0
570.0
570.0
613.0
613.0
570.0
398.0
441.0
484.0
570.0
484.0
441.0
441.0
484.0
570.0
570.0
570.0
570.0
570.0
1173.0
1173.0
1087.0
1087.0
1173.0
570.0
570.0
1044.0
1044.0
570.0
570.0
570.0
570.0
1000.0
570.0
484.0
484.0
484.0
570.0
570.0
570.0
570.0
613.0
699.0
570.0
570.0
570.0
613.0
570.0
613.0
570.0
570.0
570.0
570.0
570.0
613.0
699.0
570.0
570.0
570.0
570.0
570.0
570.0
570.0
1044.0
1044.0
1044.0
398.0
1044.0
1000.0
1000.0
1000.0
527.0
613.0
570.0
871.0
785.0
828.0
742.0
785.0
785.0
828.0
828.0
828.0
828.0
742.0
742.0
613.0
441.0
570.0
1044.0
613.0
398.0
613.0
613.0
613.0
398.0
484.0
484.0
398.0
570.0
570.0
613.0
398.0
398.0
398.0
570.0
785.0
139.0
139.0
139.0
139.0
139.0
139.0
398.0
570.0
570.0
570.0
570.0
570.0
311.0
570.0
139.0
311.0
139.0
139.0
139.0
139.0
1130.0
656.0
613.0
914.0
484.0
914.0
484.0
484.0
182.0
441.0
1087.0
1087.0
1044.0
484.0
570.0
613.0
957.0
914.0
957.0
484.0
957.0
484.0
398.0
139.0
139.0
139.0
139.0
139.0
139.0
139.0
957.0
957.0
1000.0
957.0
914.0
484.0
354.0
139.0
139.0
139.0
139.0
139.0
139.0
139.0
1000.0
354.0
957.0
914.0
914.0
570.0
656.0
570.0
139.0
1044.0
957.0
1000.0
1000.0
1000.0
957.0
570.0
570.0
398.0
398.0
484.0
785.0
785.0
828.0
139.0
139.0
139.0
139.0
139.0
139.0
354.0
570.0
570.0
484.0
484.0
484.0
570.0
225.0
182.0
182.0
182.0
182.0
484.0
484.0
398.0
311.0
570.0
570.0
398.0
354.0
398.0
570.0
225.0
398.0
139.0
139.0
139.0
139.0
139.0
484.0
570.0
570.0
570.0
570.0
570.0
570.0
570.0
398.0
139.0
311.0
139.0
139.0
139.0
139.0
398.0
613.0
484.0
484.0
484.0
570.0
484.0
484.0
182.0
1173.0
1173.0
182.0
484.0
484.0
656.0
613.0
1044.0
785.0
957.0
2422.0
1000.0
785.0
354.0
139.0
139.0
311.0
139.0
139.0
139.0
398.0
398.0
398.0
398.0
484.0
484.0
1087.0
484.0
139.0
139.0
139.0
139.0
139.0
139.0
139.0
570.0
1000.0
570.0
527.0
570.0
527.0
570.0
268.0
182.0
1044.0
957.0
1000.0
1000.0
957.0
398.0
484.0
1044.0
398.0
871.0
828.0
785.0
742.0
139.0
139.0
484.0
139.0
139.0
484.0
484.0
570.0
570.0
398.0
570.0
570.0
398.0
1044.0
311.0
311.0
484.0
484.0
484.0
527.0
914.0
570.0
570.0
570.0
398.0
570.0
570.0
484.0
268.0
139.0
139.0
139.0
139.0
139.0
139.0
398.0
570.0
570.0
570.0
398.0
570.0
311.0
311.0
139.0
311.0
311.0
139.0
139.0
570.0
354.0
656.0
484.0
613.0
957.0
484.0
484.0
484.0
1087.0
311.0
1130.0
1087.0
1044.0
484.0
570.0
398.0
570.0
570.0
484.0
484.0
484.0
484.0
398.0
