32.0
32.723
33.471878
33.471878
33.471878
34.150127
34.258038
34.482372
34.951195
35.355537
35.86574
36.491493
37.73508
37.668465
38.886543
40.57039
40.304523
41.565937
43.72278
45.546864
48.082718
46.966457
47.608715
51.08912
50.317837
52.293533
52.53723
55.397026
60.007957
56.31027
58.171665
63.316284
71.83345
68.470726
74.004654
72.45096
71.27014
84.74568
83.30789
75.19857
90.54677
89.50839
328.943
248.28192
183.13069
135.58115
145.49756
125.48047
132.39195
126.60708
114.01145
111.59781
116.186295
111.94676
97.1776
136.41592
439.1871
232.14796
186.98994
117.65935
109.02705
105.40096
97.49378
96.465385
104.06235
93.72112
123.20926
124.2946
117.04368
154.69066
462.2747
236.66977
151.36421
117.41681
106.032135
101.929665
98.86773
102.26191
87.56652
85.78325
84.641846
79.414536
83.89048
214.91284
410.62933
230.53455
112.69444
118.65414
129.83063
91.35
95.58395
90.87862
96.12903
99.37424
86.759224
87.422386
77.2374
221.80481
308.0421
237.11555
145.01369
191.12134
140.0137
127.63946
121.5847
168.32831
176.42084
185.0003
144.725
159.68173
132.29727
337.80936
288.24255
183.87585
136.88391
108.08958
103.76936
111.25974
98.27599
123.96091
113.17017
115.31279
126.10192
134.61755
116.30279
343.36023
255.63275
212.9173
194.14107
99.431725
106.46264
86.827255
83.69132
117.53811
99.49118
106.40752
102.0187
116.75321
108.32873
335.97678
293.7646
150.81157
142.05922
116.98012
105.88258
93.4332
98.62683
122.35801
109.75268
115.376884
92.93223
89.826645
99.70413
260.71497
269.86847
171.71544
177.96786
146.6677
151.2149
173.10303
157.90552
119.011154
136.17638
131.39648
147.3764
135.97583
185.88695
331.4936
236.36703
150.38278
148.17319
143.80765
152.46863
172.35162
193.86101
186.05498
201.1378
179.74753
173.95409
153.51514
165.90309
318.78146
244.50688
222.02684
149.34616
136.8616
135.88004
144.22784
99.734886
102.7201
112.71534
103.48048
98.76206
102.9046
219.51237
270.66983
240.75407
218.58461
136.80655
138.23116
136.11398
148.85928
189.8105
180.87988
183.14682
163.702
148.56104
142.41858
307.09003
337.95828
208.04538
156.83768
138.28455
113.74682
129.50366
117.59749
100.82107
116.932884
109.11983
117.800674
102.4716
120.29794
352.70782
320.2781
201.55515
181.98344
125.298874
123.197975
111.38179
112.28404
171.48834
170.29378
150.90878
147.82722
162.38828
160.55789
311.08383
251.38542
169.99971
156.0797
153.72466
165.51193
142.4553
148.14346
169.91864
173.35083
168.70784
174.32138
175.06262
170.27652
324.3267
240.81058
217.93184
127.70759
137.85294
112.732086
109.13336
99.25725
123.50346
116.12151
102.84696
104.62732
102.178535
122.71763
247.1816
293.6981
175.87753
151.20026
156.4895
135.28452
128.84058
131.08719
120.76338
125.277954
111.91721
100.47544
98.95362
407.83966
315.94025
285.6788
199.96297
126.419655
120.04862
115.300186
99.84074
134.07977
116.287445
105.97853
122.53244
125.9582
117.29589
453.58444
306.87103
251.42293
212.47076
126.70624
140.46494
96.761635
98.944885
87.440384
83.51563
85.813736
86.28977
86.548645
79.39247
435.46393
278.64087
270.8568
237.59505
124.46499
126.420135
86.51351
114.95132
84.02486
82.407074
93.67769
89.2637
81.29799
76.960205
321.39575
313.66388
261.27783
200.2447
115.76642
123.89268
122.7682
167.99141
180.85295
174.24455
162.908
144.3209
127.78725
133.33533
362.2622
309.25168
179.79845
184.76291
119.34582
112.47597
125.02085
132.98642
131.30203
125.66571
115.22344
141.16566
113.77953
289.84204
309.0244
272.5376
182.06573
178.9577
109.858345
121.537674
119.42659
139.58589
116.96723
148.44511
139.97934
111.0521
122.34565
316.4415
351.46707
283.7527
164.2165
182.11972
112.7793
113.11979
107.52118
125.587975
106.98581
114.95106
125.04344
92.99526
105.18625
370.74176
259.82684
287.43057
207.08928
220.10355
163.09589
196.97696
170.48892
148.80365
178.8679
127.177826
141.86885
157.15121
140.31512
451.60086
312.122
264.6738
214.0685
168.34317
157.9029
155.07596
182.24275
177.64903
194.07591
180.90718
159.24503
168.52763
149.88089
451.6435
340.3477
176.38719
199.67474
136.57202
118.614624
136.68045
108.27438
122.17311
138.10434
110.77789
114.9195
123.57937
120.76058
389.26602
278.52228
168.70976
214.2619
142.24478
132.4621
149.39706
190.28777
186.96083
184.31429
187.89485
162.81258
153.18555
253.47002
296.9623
330.98096
220.39766
218.90001
165.96382
176.60919
166.34521
137.15225
137.53139
164.39844
142.16034
157.1023
138.88092
231.39699
389.0429
326.25153
178.42188
169.95401
152.30974
138.93718
143.15976
190.18867
221.4929
178.19565
219.60815
215.5458
194.75784
372.10193
345.43442
273.6535
185.20885
190.8012
174.35721
186.53494
168.44414
169.23715
184.31868
178.24573
181.10193
187.25
187.0422
345.79944
244.7457
203.79645
133.35342
123.714836
132.61922
95.30912
119.31065
118.150894
121.20247
129.69922
110.96812
110.49848
92.96915
298.28665
321.201
145.88513
148.10706
185.6036
149.67116
149.69032
119.67787
120.38366
127.30601
164.18901
144.72804
154.57227
152.46417
337.88596
221.09908
173.41008
132.75433
128.59302
102.90561
108.02052
112.014206
108.990265
113.65075
135.05502
143.37305
96.821365
122.63724
353.09793
222.18636
201.99019
122.709175
114.389885
139.84154
110.851585
129.46964
143.4187
117.84733
142.63248
147.01898
125.554276
170.77022
262.0603
210.67441
194.2072
153.81602
112.20718
123.398445
120.46876
182.27492
171.0914
148.20316
203.79825
160.7718
136.18594
230.38004
305.38647
243.28912
206.10484
170.97601
110.68778
120.94169
98.17171
141.15038
131.52411
115.80837
127.24429
113.26815
124.65467
397.71442
266.86414
209.17975
182.6906
196.85045
177.82481
138.13788
142.9595
161.84904
150.5055
168.13016
143.22394
139.43042
130.98679
381.38263
269.41418
202.81935
206.2682
142.37553
142.31487
152.54114
135.79166
178.30743
151.61731
121.73824
103.685646
96.78202
104.39792
312.4544
248.01198
200.72325
168.53879
158.41098
125.07213
175.03151
140.17613
184.27475
167.01326
181.48288
137.95724
101.97549
103.44043
279.19733
278.81952
197.56776
184.58821
276.4776
241.8058
199.88678
257.72278
199.3833
196.70596
195.24611
202.09499
219.8671
211.88068
271.1492
240.59013
205.2426
215.86703
190.44548
178.39325
174.80847
173.20357
143.9957
141.91644
136.16342
184.93842
219.064
436.01074
325.1713
241.87082
205.525
171.4819
165.86356
151.89189
169.55971
209.462
205.4096
211.60577
205.6214
199.3051
172.5762
372.41077
268.41577
222.67859
189.00327
156.82547
111.077934
134.80176
96.67923
110.45079
108.36535
101.50286
100.71206
111.46301
118.53121
432.52338
262.2303
171.61871
226.21567
181.6409
143.60109
138.61853
141.85071
214.91824
224.57423
198.49248
226.53413
232.55809
236.09795
338.94424
271.64923
173.66357
175.25957
220.9518
155.52124
258.60614
183.35118
139.43768
138.9722
131.49292
159.1342
171.89127
302.47513
289.97748
280.95532
166.58861
169.29367
178.59627
149.34506
138.78358
135.7652
134.48137
131.84154
178.4712
186.13939
183.03484
344.25006
366.08298
249.84428
207.89029
213.75993
172.9265
155.72604
170.2198
207.56161
229.71118
229.45454
229.53722
239.39963
246.99715
368.79102
301.64587
310.6834
241.66084
145.54094
142.64195
165.87291
165.2419
147.05423
139.78418
143.42406
138.23586
141.84135
125.00416
441.2785
307.03937
189.14035
183.97746
131.47464
102.74114
125.55997
96.834816
125.42031
131.47345
111.8854
111.92572
133.73227
110.33757
442.65173
343.7383
198.90033
182.501
130.45892
103.361725
126.91299
97.2358
123.13903
159.13025
129.69621
113.97865
135.81244
152.69958
403.2744
252.70952
194.4941
175.67308
201.266
132.30357
138.81995
197.32747
196.78633
171.87123
193.60835
156.4999
170.63914
218.8615
421.41324
284.87567
121.63018
214.47302
132.10889
142.297
109.60892
117.26178
116.48162
122.8652
115.44022
117.526886
120.22405
241.70012
398.47852
212.2535
180.51428
189.44897
201.96095
195.0781
157.28815
181.94608
178.01253
164.74695
129.28915
143.64783
133.98666
378.93823
409.33267
191.54555
206.5971
213.23967
202.18324
198.31165
211.03249
202.99936
194.27962
160.65982
173.82207
166.17162
148.86102
301.8375
301.33954
204.13742
215.73692
192.91869
204.3759
177.14491
144.68594
212.12569
168.33179
200.71065
214.37567
177.56557
147.66531
365.61838
283.91272
179.79295
188.30423
222.16827
243.35501
242.26952
219.68495
186.68698
183.87373
173.84686
164.68608
212.03651
223.74101
407.68652
266.65213
212.75609
192.79048
185.17296
185.6007
182.24402
229.16089
221.80157
154.16379
151.16852
160.30093
169.71075
183.79884
428.9531
257.44025
164.27853
200.68402
126.09566
120.84134
132.33403
149.10094
147.94278
120.21885
133.61871
140.68285
141.12793
207.22127
383.99927
214.04614
160.68831
188.4783
124.49569
146.18802
137.15787
170.22725
152.96257
123.00181
97.97329
105.72017
128.74521
210.62987
445.02866
302.31155
171.78386
180.72948
193.0431
163.04283
136.95297
180.1573
203.56494
192.96751
220.13379
220.14008
253.93411
325.23706
279.4065
194.1598
157.31116
210.17264
176.30907
162.16771
167.91039
141.54964
122.18395
112.34669
130.19379
151.14609
183.68895
302.23007
302.84933
201.67902
156.07983
182.43701
167.35684
155.84753
168.91006
141.23322
155.15387
105.54305
125.737946
152.51971
148.03825
340.99615
250.5462
210.20795
203.55556
177.66292
192.73526
184.0424
177.55846
212.97005
251.54427
185.242
244.95584
250.51022
283.87347
357.2609
277.35587
181.45792
173.1642
151.49142
148.19873
127.54875
150.80554
134.61829
125.10671
123.2326
138.32814
117.020065
142.37695
357.1534
204.08228
198.26312
120.335526
109.56338
112.6087
109.838264
158.8372
168.13988
129.78934
133.7027
142.57458
136.93417
144.94989
323.4371
237.09224
195.59647
139.69995
136.9581
141.49933
93.51933
120.08541
159.17647
159.99554
178.47383
168.09894
140.19507
201.25371
264.84866
232.39401
170.70769
165.90031
126.670364
139.45927
134.94653
193.30885
202.96469
141.87378
131.39304
157.84003
137.89207
175.35332
260.16785
239.70175
155.76321
209.87
191.00742
136.27103
133.74596
197.6338
189.85663
154.48871
147.12744
116.42875
116.80761
279.79028
254.74995
200.47678
209.04329
166.98694
188.48962
174.28409
178.37581
196.10625
187.2823
170.42387
155.42351
128.05888
120.48831
343.2235
285.82602
205.94637
187.98073
133.50278
168.00772
201.61063
172.48347
197.31775
177.55888
149.99243
140.47678
104.849434
109.9132
289.83463
254.23387
201.36185
149.31577
137.21906
161.7298
187.16232
147.20537
209.48813
153.31012
184.85423
133.6275
133.73354
138.31197
299.96985
267.2209
187.60205
147.94144
227.7243
217.45663
232.35478
227.36234
141.6912
173.98297
159.00905
204.46416
217.07959
211.81467
240.37006
256.2743
196.014
205.87389
186.38803
176.6377
195.00539
168.18715
174.47014
193.6802
205.4602
172.61812
152.42896
177.29836
313.5126
257.74152
195.66507
117.19778
129.2412
126.83108
147.98184
158.76208
163.47455
159.1161
166.12386
172.29483
153.61276
393.25055
265.14606
211.79076
195.37047
199.7841
202.32664
184.15585
167.95834
224.74028
175.48245
188.60463
190.86427
205.30357
208.95837
459.43396
274.6327
286.3464
244.65942
191.73619
195.91628
180.3916
164.90436
201.87717
188.12952
179.63934
201.2496
237.42148
243.03596
260.81323
287.49432
225.6126
185.41055
129.46735
126.48717
197.72527
133.32341
158.01099
146.97914
140.01862
124.65108
126.2482
134.18935
363.8046
297.93893
202.92047
212.15842
232.81631
204.04567
190.41971
234.74309
244.5462
195.33478
206.22305
209.4031
220.65875
216.00859
310.0749
231.6534
182.04886
231.75578
191.74278
218.85278
194.85512
171.30069
195.59196
146.72803
172.88167
204.34424
258.95038
391.92075
297.84854
239.87949
182.94098
140.92865
144.24713
129.47656
105.63009
150.85571
207.82857
202.66106
201.82062
185.43587
169.11128
322.0687
230.28981
234.86494
200.83963
130.39575
184.27827
132.3967
129.73581
150.2761
158.1298
155.16104
135.36102
121.03613
116.54442
418.98303
296.41342
286.50806
214.93002
136.11774
154.38397
116.76785
104.25975
136.90971
139.6345
150.82845
154.21397
156.46407
137.41327
360.18756
288.65628
155.5463
214.98619
153.61163
125.05316
109.0418
102.84017
141.95526
194.55063
140.95056
130.13943
126.30007
121.59958
474.15164
254.73578
171.36752
225.5657
203.63846
194.04272
207.89764
197.88028
190.53165
168.91457
192.95988
174.80727
154.33206
242.92488
346.1639
253.6303
187.5481
206.35893
145.80264
187.03036
202.47157
210.99399
186.50317
221.97443
168.92297
173.68973
133.91766
285.89365
324.1113
287.4531
187.75305
170.39279
134.71439
171.22177
227.45876
189.15501
191.16676
204.99348
192.76012
159.04346
119.943504
317.1082
266.9204
259.57874
176.26659
153.67726
113.35517
129.12042
186.76633
160.36395
162.86024
169.59393
192.77783
150.66858
129.91754
305.1468
323.91476
189.80423
201.34872
142.46857
129.38058
142.15012
124.01833
156.06401
165.61754
149.34065
160.87933
163.85893
173.79056
309.8412
275.48947
173.56961
196.34087
179.34671
174.64653
174.15506
161.82014
185.60695
148.55629
164.65149
160.3124
159.84056
172.76967
454.74814
304.33582
174.53955
200.3644
166.56915
225.7427
170.29698
214.08835
195.08122
219.0601
195.01096
193.20615
199.42654
229.94838
431.23502
269.341
167.33514
176.2545
201.82402
230.69919
222.13554
197.27753
213.69536
205.63988
210.70882
225.429
248.12141
253.40402
415.92816
261.98248
166.69455
229.07939
129.3692
156.06363
142.9397
162.38884
142.81604
139.67987
144.77603
164.84503
150.00775
206.12161
278.08502
223.0574
232.41084
213.58836
212.82068
198.24669
201.13293
144.36526
170.32605
149.81631
154.14487
148.95802
149.10555
225.88963
360.11346
205.26125
198.61015
170.89441
202.5128
204.36168
244.29393
197.99261
194.11128
194.55031
208.09695
233.03828
244.83899
349.00977
272.02975
183.52382
167.93967
153.41237
139.82417
169.75221
132.92545
119.42346
155.36995
155.82588
155.4945
170.50056
171.45413
307.81396
289.9381
252.0171
149.80548
200.92137
130.68417
145.31427
119.96167
180.81715
158.24403
155.24298
172.87206
148.29707
136.41
272.66272
237.81119
181.08351
207.01341
167.82735
111.68407
112.87322
153.68729
161.94476
173.59938
162.01236
141.38708
132.56921
123.9818
392.21783
292.90854
159.2213
221.55496
159.4311
97.1229
104.02561
164.83414
184.99805
157.75337
146.33969
151.35596
138.63428
203.25327
379.0239
237.35959
162.73616
217.85233
139.02283
128.89282
119.31028
144.39536
166.92351
143.74582
140.37073
143.86703
121.961624
179.15012
475.0156
224.68716
151.82086
233.25458
204.0923
241.31427
191.88171
189.08249
167.61522
182.69173
166.32582
151.86145
157.41495
212.48682
321.6749
211.18379
171.78783
189.86172
153.92477
199.81876
202.31483
187.75871
189.13141
170.58034
145.97583
143.20123
120.807526
249.84659
294.93625
218.15167
176.88936
105.87069
152.61072
122.54657
145.54102
111.782326
126.23885
129.30661
130.03488
128.75417
99.55461
293.47083
253.9909
189.08958
162.84773
129.13388
113.615395
123.06151
141.38853
138.77289
95.32912
117.389656
123.23345
88.69281
81.989426
267.3854
264.6978
202.99461
191.305
134.35104
103.45321
160.07028
149.46138
156.46439
114.99094
128.87164
138.45197
142.20804
162.06822
285.04517
252.44751
160.7166
188.98521
158.85948
169.53777
232.78961
188.76164
175.74753
141.79242
147.86934
154.74454
149.66031
166.2985
458.4524
272.41217
171.39505
161.80962
203.49384
232.13544
215.71213
202.17406
187.15942
167.36285
176.72906
194.70029
207.45093
196.88939
265.57556
199.86172
175.3037
198.37213
186.26823
230.38011
228.32254
258.2531
212.36789
217.85736
213.33473
251.42343
257.80298
257.9618
290.1192
250.0467
165.35895
154.09024
146.14429
167.1493
135.2844
113.06701
150.90929
144.43405
152.20647
153.98883
156.68881
190.25302
263.4833
218.43774
243.56252
221.61122
213.30486
205.3485
202.43143
162.54538
155.1352
125.70084
122.75586
99.62935
104.88069
235.93721
322.52597
209.0875
219.77397
255.93036
208.27847
275.55945
213.30434
232.58437
192.29642
200.30168
208.71292
244.77095
246.71896
346.43866
256.07507
183.31737
147.04156
139.26114
159.61871
169.50475
190.06876
209.99881
167.49287
179.8072
166.85548
176.60036
162.3545
318.34695
238.30887
240.54544
209.40063
140.20908
134.84506
131.79901
178.45967
184.9183
192.50433
177.37965
188.69115
175.19939
144.74852
239.20245
270.07346
173.29584
133.3039
102.926476
108.250145
162.36427
163.22113
134.38692
147.53949
151.95111
120.633224
118.00147
109.61037
276.4944
297.16132
149.24852
167.53041
129.7299
139.1644
219.57825
213.10577
152.22696
163.17397
137.1305
122.92064
152.6637
174.9621
330.19168
221.7132
151.05962
107.7859
113.97413
125.86734
136.85085
115.00514
107.959465
135.39372
99.49507
97.46125
113.34659
148.24217
274.90796
230.45079
213.5042
138.83716
169.71931
199.2369
182.1975
186.99803
175.68678
187.82368
175.37596
138.0727
121.102356
299.75986
263.60663
233.19984
199.01651
133.53804
153.2463
159.31316
186.78098
153.60019
155.91443
156.63058
168.07513
134.16586
124.66843
290.8271
327.69107
224.5949
185.3556
129.99791
124.53143
116.51158
153.68353
122.74753
155.51541
168.24171
148.65076
144.28983
135.1452
285.6235
249.59323
182.15033
179.5331
147.14609
121.436226
112.03303
141.07033
130.32202
135.76321
146.40408
127.90518
139.78499
124.33566
326.11096
258.96283
169.25475
183.38052
130.1897
142.81616
130.29883
113.43606
140.5022
154.36203
155.10986
151.14801
139.83249
289.0549
291.934
238.30835
229.22522
162.19118
221.92096
209.85944
231.07384
219.72212
194.66827
205.99013
194.4097
185.39417
193.40656
468.31296
278.75958
274.0611
201.45355
171.21724
249.55066
199.33694
208.0136
175.78015
195.0985
186.21953
204.39964
211.79436
225.78108
457.94513
286.13574
216.95772
221.56474
203.77809
188.3834
194.33165
195.38991
184.43143
168.37823
201.7368
229.25688
235.5662
253.49344
450.44385
292.7911
173.55605
216.15834
171.26276
173.08853
172.00772
122.19398
115.8651
110.956055
127.28852
133.11688
118.192635
172.37117
380.5526
240.98024
235.00609
226.32753
224.95808
212.8406
174.55196
205.82411
163.23862
167.13939
165.28233
167.54376
153.71248
240.91101
344.34433
323.57925
179.19827
175.6597
178.79744
189.0309
236.38249
188.69284
179.96211
187.1477
199.43034
231.01039
238.30072
326.46512
254.05988
184.59766
148.68564
159.75116
146.2012
162.75453
151.22437
120.53632
123.44085
118.41355
123.62001
124.43064
128.03094
137.69473
134.93039
131.20859
157.37782
140.79492
146.71182
137.20102
138.7133
125.54902
91.08467
98.31269
90.87633
72.45213
80.24196
72.70428
62.914627
71.124084
72.83911
71.597206
67.6626
67.41534
69.23909
72.94368
71.58773
69.871605
63.900173
71.65878
64.45039
63.32348
71.17141
65.575264
64.88343
66.06267
67.722244
63.471302
58.351418
66.29204
59.675613
67.93126
64.866486
71.23545
67.5585
72.57637
67.44359
70.377304
70.0702
75.19776
71.90115
69.91382
70.87312
72.49153
67.29677
68.724014
65.46443
66.30166
128.52292
462.4625
340.17685
180.58507
241.94576
147.6588
141.9337
121.06168
130.94055
124.50794
106.49377
94.38825
98.01305
95.541855
202.786
392.5663
270.4035
150.41634
229.12047
116.96605
98.56677
131.70056
150.78427
117.37916
155.73465
130.51434
110.4344
102.59514
190.23096
317.12405
212.01828
193.25502
101.3522
107.78429
105.87513
103.91791
95.01765
92.94406
93.32176
88.386246
85.53241
82.60298
288.9897
338.2946
190.77074
208.03882
106.5971
108.16307
97.07195
123.27009
89.60196
87.3374
102.70324
84.67706
96.71014
81.60405
259.30804
305.31305
196.32439
182.04279
109.65291
108.58152
107.49123
140.69867
137.91095
174.15103
145.3411
146.89838
133.58887
94.701256
316.15436
324.5354
200.94647
208.83344
105.06056
109.10603
116.21268
112.87267
116.27431
111.76234
121.01988
118.07321
102.92575
105.74743
442.4541
306.09784
170.84862
226.17863
103.69238
111.871666
107.89467
137.4447
117.712166
113.947014
135.46582
121.169044
123.73868
146.60901
455.3934
264.31656
179.67986
132.97496
138.18599
132.90398
137.17331
149.62521
137.60056
118.74859
123.34558
108.00595
118.035614
204.6113
503.9753
230.71762
235.71593
273.9865
184.55235
237.70975
216.85197
216.60106
218.30222
198.33234
178.95894
180.66862
180.01756
172.7861
279.52664
263.1048
173.19684
168.03
170.94241
185.5942
140.28252
152.16617
166.3492
149.15631
141.02759
150.71777
163.37456
259.89008
310.2856
230.11751
160.84291
161.02892
177.25262
150.53796
209.98595
192.42331
190.995
188.19173
179.26793
178.0789
173.94823
313.14886
316.22064
215.78171
168.69148
119.716324
128.44067
138.59225
103.866585
126.03994
98.26471
115.191315
109.89369
102.68352
103.05125
309.54822
257.79474
178.89383
210.15889
174.36705
178.43352
143.68327
162.65025
141.44986
206.53432
181.32185
201.38339
194.50854
164.28352
331.70056
293.87927
195.235
175.1228
153.37015
136.07925
179.73477
176.2802
154.05057
153.37688
160.31325
149.23756
160.26819
181.85289
267.09882
287.9278
182.52487
175.59839
179.07697
165.03304
183.378
176.23021
183.99133
183.08209
175.43909
183.6164
180.97379
123.18054
388.14618
225.12012
177.17702
144.57
152.1206
128.82999
139.08481
115.81751
132.35237
107.745445
123.40116
104.026985
115.38028
109.32597
311.1375
270.2412
138.10728
148.17749
128.29694
155.48758
109.05628
149.15015
126.54255
143.03027
109.98732
102.45315
105.55186
161.65955
280.9733
281.00336
247.31633
129.97873
110.5047
95.68021
119.245224
126.44745
134.87735
102.083786
119.60215
117.70387
111.95913
292.73456
329.09964
230.51772
106.433266
99.27592
105.134735
103.75592
105.01157
103.59693
104.061676
103.62545
96.83191
100.65546
93.57763
323.7814
333.23453
202.71432
103.21389
92.92781
91.66202
121.10658
117.69541
105.27904
100.25047
114.45988
113.18161
85.74483
95.4061
322.04636
285.2074
210.91023
128.71036
110.45642
124.04841
130.26073
163.72447
163.47348
165.48892
162.97508
149.60768
125.20875
157.34691
347.72018
288.9156
165.91284
154.03802
144.31818
134.20065
156.86853
137.1271
136.0489
153.61247
128.70752
132.17139
120.17591
118.82356
275.21857
287.02786
194.96642
133.88654
131.48721
121.28227
126.749596
123.20956
108.549065
109.47924
138.72359
102.675354
