32.0
32.0
32.0
32.0
32.0
32.000122
32.000122
32.000122
32.000122
32.000122
32.000874
32.002472
32.002472
40.087532
40.087532
70.30921
70.30921
67.38148
62.973465
64.4248
64.4248
68.97675
68.97675
63.711353
63.711353
75.39467
83.83681
83.83681
74.45587
99.52907
99.52907
97.98512
105.83927
116.592316
116.592316
99.00489
99.00489
99.25893
99.25893
80.780334
80.780334
88.30951
88.30951
70.642975
70.642975
87.0886
77.2052
77.2052
77.01137
74.18869
74.18869
90.556046
90.556046
72.628845
72.628845
61.596672
80.10748
80.10748
84.7987
101.44315
101.44315
112.01985
112.01985
125.51047
148.24405
148.24405
128.81693
108.93828
108.93828
99.96878
96.188446
96.188446
99.41316
99.41316
66.00618
54.73087
54.73087
62.482437
62.482437
60.406517
65.63768
65.63768
74.33946
83.769104
83.769104
77.29407
71.92232
71.92232
124.6478
93.64711
93.64711
128.35898
128.35898
126.3748
103.81062
103.81062
92.29825
86.37309
86.37309
99.248405
71.98607
71.98607
64.11455
67.48603
67.48603
69.55182
60.594707
60.594707
60.008453
65.868744
65.868744
75.21867
54.00324
54.00324
62.40693
58.458096
58.458096
82.67981
159.56125
159.56125
180.49998
167.31741
167.31741
129.01439
145.5014
145.5014
76.85134
76.85134
62.74253
50.95628
50.95628
78.07402
87.31621
87.31621
81.766304
76.35632
76.35632
76.16488
71.70883
71.70883
71.53284
86.89961
86.89961
84.84892
72.583725
72.583725
76.67023
86.00537
86.00537
102.44838
103.57298
103.57298
98.87764
98.87764
94.28642
98.95391
98.95391
90.25698
93.19912
93.19912
100.94733
74.84874
74.84874
99.53832
66.32141
66.32141
78.77424
78.33922
78.33922
85.71379
59.306454
59.306454
93.550095
70.90094
70.90094
118.101364
116.636345
116.636345
116.53824
145.83974
145.83974
151.67978
129.94243
151.13823
97.31493
108.42996
108.42996
123.56642
123.56642
77.22999
73.04889
73.04889
78.34129
84.58488
84.58488
72.376816
70.65524
70.65524
64.25795
89.103455
89.103455
73.8854
70.28825
70.28825
99.86851
93.02208
93.02208
104.31506
123.25603
123.25603
101.423454
99.241936
99.241936
84.433464
102.84341
102.84341
80.42258
88.15031
88.15031
66.66115
72.995
72.995
61.06074
61.06074
60.90043
61.75167
61.75167
75.144005
64.37537
64.37537
78.148834
64.945145
64.945145
122.50189
176.90454
176.90454
141.02393
182.46956
182.46956
156.58636
127.453
127.453
112.69845
63.280273
63.280273
47.48175
65.96196
65.96196
71.43321
78.6801
78.6801
62.415535
50.51789
50.51789
64.15332
73.17949
73.17949
76.58064
81.41781
81.41781
84.2865
94.72125
94.72125
154.03368
98.44365
98.44365
117.08133
124.00425
98.5479
91.59887
91.59887
85.53459
99.41556
99.41556
73.72777
65.44772
65.44772
81.13385
86.10635
86.10635
78.59001
95.23394
95.23394
78.04471
71.06743
71.06743
67.967636
71.16939
71.16939
84.84716
96.6653
96.6653
90.91815
119.43898
119.43898
157.35648
109.925735
109.925735
140.38602
161.84686
161.84686
88.155396
129.07764
129.07764
123.290115
89.63839
89.63839
88.193344
88.193344
69.82785
79.20346
79.20346
77.97911
66.96541
66.96541
71.75762
77.361626
77.361626
76.72878
75.19299
75.19299
96.555885
97.86372
97.86372
112.245125
101.91393
101.91393
86.13135
83.867256
83.867256
78.65205
90.990814
90.990814
98.49969
61.99533
61.99533
76.7328
60.955418
60.955418
68.78042
51.199318
51.199318
68.4419
65.79251
65.79251
61.670113
52.028236
52.028236
106.43339
168.23912
168.23912
160.92603
160.92603
180.16232
166.31606
166.31606
121.6949
158.2495
158.2495
63.625557
76.74982
76.74982
85.07432
61.04209
61.04209
66.913155
52.71688
52.71688
59.567253
69.0677
69.0677
72.67708
68.77469
68.77469
81.16703
75.69305
75.69305
74.92349
103.00058
103.00058
100.514305
119.53667
119.53667
119.53667
105.94941
105.94941
102.30407
84.06708
84.06708
94.97003
72.46967
72.46967
82.21638
78.33645
78.33645
87.30763
85.55905
85.55905
83.53378
86.731125
86.731125
69.184326
82.06261
82.06261
83.27952
76.05952
76.05952
109.09372
111.61634
111.61634
122.00303
110.71849
110.71849
146.11316
130.43027
130.43027
116.00669
103.41738
103.41738
104.07663
104.60086
104.60086
61.68049
61.68049
58.140854
63.01938
63.01938
91.938126
96.12205
96.12205
75.78844
75.25945
75.25945
91.12912
88.69724
88.69724
85.41521
119.01597
119.01597
94.13949
116.32845
116.32845
89.83441
89.206406
89.206406
78.62903
94.78557
94.78557
82.92767
96.84535
96.84535
97.02936
72.11199
72.11199
74.336136
56.306328
56.306328
65.8827
73.517166
73.517166
55.19283
69.414215
69.414215
56.320168
85.71863
85.71863
139.3186
156.7034
156.7034
174.72858
176.85551
176.85551
130.04166
135.00778
135.00778
80.97007
62.18495
62.18495
76.589676
70.24429
70.24429
55.096397
57.591423
57.591423
56.556465
66.618744
66.618744
68.540215
63.893806
63.893806
73.70883
83.13188
83.13188
83.26454
80.785095
80.785095
92.23296
109.81219
109.81219
99.393234
101.64034
101.64034
102.7306
91.88908
91.88908
92.31019
85.87009
85.87009
97.78066
109.17695
109.17695
86.51758
72.1015
72.1015
114.33683
114.33683
107.004
83.98682
83.98682
85.00897
85.00897
64.33479
103.99762
103.99762
119.06243
99.11232
99.11232
137.69019
131.47845
131.47845
117.96195
139.70294
139.70294
89.653015
102.30379
102.30379
128.48683
65.14293
65.14293
65.397316
96.005936
96.005936
79.41579
77.73558
77.73558
74.558136
80.79849
80.79849
81.51387
69.381874
69.381874
81.77008
95.9706
95.9706
94.89868
118.22675
118.22675
108.216866
102.4873
102.4873
91.13581
88.13672
88.13672
90.79919
84.9927
84.9927
80.41848
66.55517
66.55517
73.3524
63.072994
63.072994
59.279358
70.1143
70.1143
58.107094
75.88463
75.88463
58.10643
92.75499
92.75499
120.33925
173.9724
173.9724
167.9011
173.6818
173.6818
146.47415
119.07255
119.07255
121.47723
52.293312
52.293312
57.566444
91.81877
91.81877
108.775055
108.775055
98.27021
107.58543
107.58543
94.77867
103.98874
103.98874
93.70094
116.45225
116.45225
84.758934
100.78372
100.78372
111.9715
102.13466
102.13466
88.31735
87.30989
87.30989
76.03041
80.14984
80.14984
75.19612
77.31142
77.31142
87.53192
99.69049
99.69049
82.61897
71.25398
71.25398
59.94255
61.545547
61.545547
63.203796
56.98247
56.98247
66.49497
70.342834
70.342834
62.999306
87.40672
87.40672
159.6567
152.56253
152.56253
123.38339
149.5003
149.5003
93.63003
152.39977
152.39977
107.7207
113.13547
113.13547
71.109436
78.05765
78.05765
120.98637
153.70691
153.70691
99.2042
116.54814
116.54814
106.92979
81.81317
81.81317
86.7722
74.04712
74.04712
117.365906
117.43916
117.43916
92.12557
94.6859
94.6859
108.87788
74.82472
74.82472
90.72574
112.4253
112.4253
105.19274
93.37418
93.37418
88.15653
88.15653
92.048386
66.21833
66.21833
74.64894
73.512764
73.512764
87.42128
82.54726
82.54726
65.10921
69.01789
69.01789
64.73181
100.44863
100.44863
113.24083
97.84429
97.84429
145.10532
113.76064
113.76064
133.03018
114.06358
114.06358
103.01942
128.8345
128.8345
83.05902
61.076317
61.076317
65.27586
53.21331
53.21331
67.02456
67.73097
67.73097
72.67077
84.8163
84.8163
65.51672
70.04985
70.04985
103.21749
92.76198
92.76198
115.618866
125.073524
125.073524
106.878456
99.339264
99.339264
75.71335
89.35338
89.35338
91.1431
79.46858
79.46858
133.15424
110.923706
110.923706
85.214355
99.928764
99.928764
87.142975
96.0414
96.0414
68.48753
54.843628
54.843628
90.61859
91.53333
91.53333
120.442894
109.723465
109.723465
121.99833
158.3717
158.3717
139.23523
123.39641
123.39641
108.35771
110.23372
110.23372
109.23768
86.56818
86.56818
68.1705
65.34787
65.34787
62.723377
57.3257
57.3257
63.911034
70.79065
70.79065
72.90828
78.66815
78.66815
66.21198
112.44698
112.44698
98.40041
119.45718
119.45718
115.69881
93.15976
93.15976
83.5746
79.92913
79.92913
83.698654
87.62535
87.62535
60.05455
71.60809
71.60809
73.00986
62.57422
62.57422
61.689888
64.048615
64.048615
70.18051
47.420944
47.420944
70.631256
68.512665
68.512665
70.56804
128.83362
128.83362
163.38707
177.61838
177.61838
128.48627
127.18114
127.18114
89.820206
68.588196
68.588196
51.479195
65.38196
65.38196
88.967804
94.02707
94.02707
143.6883
108.65701
108.65701
129.92421
128.38135
128.38135
117.32223
98.703575
98.703575
127.6432
95.87026
95.87026
109.44887
126.1059
126.1059
84.47056
90.24915
90.24915
78.07883
83.71445
83.71445
64.47907
99.31574
99.31574
105.05888
85.27292
85.27292
68.08804
65.29612
65.29612
59.607697
72.8045
72.8045
67.82826
57.942192
57.942192
71.89143
82.19178
82.19178
55.97007
121.71058
121.71058
183.87282
131.13675
131.13675
151.36218
107.112946
107.112946
96.8004
131.95892
131.95892
94.47972
102.930016
102.930016
75.11502
89.091995
89.091995
83.17333
89.110886
89.110886
111.51957
81.62483
81.62483
71.74552
89.16668
89.16668
87.97731
123.003075
123.003075
128.84784
115.30026
115.30026
99.2762
124.92388
124.92388
111.60004
76.3158
76.3158
95.2381
126.3831
126.3831
87.895065
69.38173
69.38173
80.71327
61.256355
61.256355
65.756
59.738884
59.738884
50.232826
57.03414
57.03414
51.45034
48.631203
48.631203
53.84002
78.15243
78.15243
107.87396
108.655655
108.655655
126.85536
167.64478
167.64478
136.38744
124.66554
124.66554
103.454056
107.30523
107.30523
118.935524
71.29339
71.29339
66.13817
61.045082
61.045082
64.1588
65.46165
65.46165
63.821625
67.66138
67.66138
71.88136
78.82698
78.82698
74.37152
115.35748
115.35748
96.24383
111.60031
111.60031
117.08565
91.581894
91.581894
86.07121
101.83431
101.83431
72.704636
72.704636
82.82312
95.246544
95.246544
89.521736
73.39661
105.85219
105.85219
128.59885
108.34742
108.34742
92.87126
92.87126
71.38814
68.6732
68.6732
81.63558
96.21767
94.359856
131.64543
152.44008
152.44008
115.31978
145.10443
145.10443
139.75856
108.09437
108.09437
84.51364
105.24875
105.24875
111.34692
67.26311
67.26311
77.141205
90.58281
90.58281
74.70514
77.208374
77.208374
70.96442
74.17943
74.17943
85.838806
76.304695
76.304695
79.57257
114.123024
114.123024
98.19167
139.26581
139.26581
103.5616
94.045135
94.045135
80.42958
81.00006
81.00006
82.58687
76.92659
76.92659
67.83733
79.69389
79.69389
66.31911
62.360977
62.360977
55.146175
69.9357
69.9357
69.94058
59.304302
59.304302
79.68071
106.91632
106.91632
157.90979
154.93689
154.93689
196.60265
163.75294
163.75294
119.94877
147.28384
147.28384
63.444374
62.116657
62.116657
64.05432
78.80257
78.80257
97.84916
106.87104
106.87104
98.4238
98.13713
98.13713
91.24766
94.27667
94.27667
74.13636
93.451355
93.451355
154.02235
99.36098
99.36098
111.98694
96.68869
96.68869
96.98539
77.98399
77.98399
83.85354
73.1632
73.1632
93.59411
91.28084
91.28084
86.304634
70.71676
70.71676
67.231674
65.43178
65.43178
60.581116
75.585075
75.585075
76.94267
65.08612
65.08612
72.48718
77.84669
77.84669
141.12683
158.8719
158.8719
158.70522
96.24928
96.24928
100.5005
111.51471
111.51471
137.91728
125.50257
125.50257
87.16594
108.95203
108.95203
108.34151
96.11361
96.11361
120.474884
91.71109
91.71109
84.47279
125.67767
125.67767
127.154175
96.151596
96.151596
91.524506
93.6326
93.6326
111.98497
105.1312
105.1312
102.67411
112.66798
112.66798
104.267586
106.93768
106.93768
124.40818
108.263885
108.263885
79.64721
107.43546
107.43546
83.929825
74.23043
74.23043
69.35188
62.26317
62.26317
75.27398
58.048527
58.048527
79.39367
108.71229
108.71229
92.76372
92.123726
92.123726
125.48587
152.17119
152.17119
108.091835
154.1116
154.1116
139.84335
102.1904
102.1904
91.15823
97.05845
97.05845
101.997116
63.70303
63.70303
68.239586
82.01495
82.01495
76.34423
64.24629
64.24629
69.60124
75.49253
75.49253
108.890945
93.39744
93.39744
97.21014
106.33735
106.33735
97.819756
118.49441
118.49441
115.734985
98.21512
98.21512
89.62668
89.95636
89.95636
83.29289
77.277794
77.277794
98.48672
125.26012
125.26012
105.23436
93.8303
93.8303
111.62873
89.79975
89.79975
89.49451
66.08921
66.08921
80.79759
107.18779
107.18779
119.22655
119.22655
108.60008
136.55624
109.945335
109.945335
118.07058
149.52103
149.52103
102.08333
91.6507
91.6507
129.54764
92.81012
92.81012
80.45935
53.16281
53.16281
62.106495
66.51351
66.51351
67.25638
67.25638
76.64835
76.63894
76.63894
70.24894
80.425644
78.94368
78.94368
91.96266
119.58974
119.58974
124.14457
118.69648
118.69648
85.63822
85.63822
84.382645
89.65824
89.65824
94.4656
76.94473
76.94473
62.06768
70.106995
70.106995
59.633713
68.17947
68.17947
53.404404
71.31935
71.31935
59.91679
62.751476
62.751476
49.98437
128.09148
128.09148
168.98573
142.93475
142.93475
189.20653
156.20862
156.20862
120.97595
134.2215
134.2215
49.957413
64.52297
54.493034
54.493034
96.09558
62.466057
104.226746
128.31534
128.31534
106.66395
103.44974
103.44974
94.283714
114.1836
114.1836
102.37151
110.55581
110.55581
89.75949
84.62836
84.62836
85.9879
124.38105
124.38105
109.52838
54.463448
54.463448
60.78356
69.060555
69.060555
125.38465
85.57204
85.57204
74.85895
72.155624
72.155624
52.425144
53.477745
53.477745
88.59535
81.01163
81.01163
56.05323
58.3786
58.3786
39.36707
64.87286
64.87286
82.76297
90.09795
90.09795
46.594875
47.20994
47.20994
71.5146
62.282654
62.282654
44.79635
38.784523
38.784523
42.353218
64.3906
64.3906
137.6212
137.02573
137.02573
79.45808
68.08345
68.08345
66.05252
59.972206
59.972206
58.398956
60.040195
60.040195
73.708305
112.178825
112.178825
145.71521
109.505104
109.505104
78.81168
65.71715
65.71715
61.242935
57.638233
57.638233
56.336685
56.782066
56.782066
97.93282
86.6464
86.6464
98.512634
86.20871
86.20871
79.78821
82.13112
85.02901
85.02901
78.76021
81.66704
81.66704
79.6192
96.67316
96.67316
162.79924
120.80712
120.80712
119.02134
77.71004
77.71004
72.24417
69.367676
69.367676
47.639294
54.580956
54.580956
46.27908
71.1666
71.1666
96.16708
140.43567
140.43567
100.46628
115.23356
115.23356
115.58055
89.734795
89.734795
89.18303
78.94864
78.94864
68.301636
92.24846
92.24846
92.41275
76.689644
76.689644
96.578735
95.88443
95.88443
77.191666
103.85783
103.85783
69.0061
52.81595
52.81595
64.78418
144.45947
144.45947
124.10657
102.82656
102.82656
121.01004
97.719635
97.719635
95.84782
67.04724
67.04724
66.02367
64.77417
64.77417
80.14902
71.315605
71.315605
101.69614
86.99414
86.99414
94.78334
94.39358
94.39358
82.18033
78.902695
78.902695
61.66713
61.052147
61.052147
100.62294
108.911415
108.911415
114.86978
95.8958
95.8958
84.74388
91.25363
91.25363
97.46139
89.16615
89.16615
89.682724
88.34331
88.34331
102.28629
93.00679
93.00679
111.90614
98.852905
98.852905
104.7935
110.09591
110.09591
86.32417
63.337414
63.337414
56.03634
63.101017
63.101017
80.44592
100.74067
100.74067
83.2161
84.75074
84.75074
85.794876
81.353485
81.353485
79.38813
80.008766
80.008766
80.80539
94.161865
94.161865
117.104515
86.16264
86.16264
95.419075
69.53755
69.53755
80.72823
90.648544
90.648544
75.115204
58.050285
58.050285
69.69288
91.3768
91.3768
131.92976
113.926315
113.926315
106.1741
95.31891
95.31891
130.09003
103.303215
103.303215
101.96882
98.73146
98.73146
131.83862
118.86439
118.86439
109.01878
65.673676
65.673676
69.617905
70.61836
70.61836
82.07472
72.54329
72.54329
68.622955
85.92161
85.92161
80.99051
77.43112
77.43112
95.90071
87.535355
87.535355
83.38375
81.67693
81.67693
78.80272
80.71833
80.71833
79.16295
87.69154
87.69154
116.12899
137.99109
137.99109
112.46837
109.428696
109.428696
85.85394
77.7569
77.7569
70.39363
68.60481
68.60481
67.83029
73.716835
73.716835
131.86176
91.07117
91.07117
62.727043
64.35889
64.35889
63.79889
72.720406
72.720406
67.890625
64.39572
64.39572
61.13512
115.252716
115.252716
130.2334
118.14575
118.14575
98.4501
79.69754
79.69754
80.64694
58.408833
58.408833
60.00828
54.833054
54.833054
65.81023
74.706085
74.706085
90.70987
85.63697
85.63697
84.49676
80.59711
80.59711
80.49844
85.299446
85.299446
82.9467
83.48479
83.48479
80.65567
144.11151
144.11151
174.69238
134.1496
134.1496
111.85205
87.11056
87.11056
62.567226
70.90076
53.788902
60.688316
60.688316
53.95276
77.819016
102.07135
102.07135
124.65542
124.65542
103.359604
114.01735
114.01735
100.38507
99.49716
99.49716
92.92538
84.29613
78.791016
117.301865
102.50802
102.50802
101.85605
119.53102
119.53102
91.48689
76.686554
76.686554
72.677666
68.53482
68.53482
59.37005
84.59366
66.260956
66.260956
116.81102
127.15563
127.15563
81.860664
81.860664
93.410645
93.491425
93.491425
75.203735
77.39897
77.39897
67.01605
65.76233
74.0789
74.0789
105.44923
105.44923
88.0356
84.67383
84.67383
59.61486
68.26466
134.63791
64.33997
124.56574
124.56574
97.90785
70.61791
70.61791
86.28329
94.52101
94.52101
107.01363
97.50531
97.50531
101.55888
88.945625
88.945625
91.050835
85.921196
85.921196
82.99304
106.57185
106.57185
123.33413
112.27298
112.27298
94.47039
91.74285
91.74285
64.51236
65.759384
65.759384
53.45893
52.499023
52.499023
55.504383
75.07103
75.07103
73.00455
90.8182
81.89784
84.849396
80.89876
80.89876
78.97531
79.5135
79.5135
76.20581
76.98335
76.98335
77.424576
103.96942
103.96942
107.12887
82.22627
82.22627
97.16622
90.49013
90.49013
74.10141
79.05809
79.05809
57.19198
74.96446
74.96446
67.704926
98.58973
98.58973
117.89725
151.15228
151.15228
100.45576
127.07929
127.07929
103.28632
107.3109
107.3109
118.74156
107.990944
107.990944
100.782745
104.858215
104.858215
92.8999
77.865036
77.865036
75.463844
81.52401
81.52401
80.40187
72.13217
72.13217
111.57249
122.50374
122.50374
106.89198
93.951355
93.951355
82.0773
78.82483
78.82483
78.63492
79.61154
79.61154
81.68078
82.6965
82.6965
81.0291
148.96637
148.96637
137.59981
125.24301
125.24301
95.164154
79.73045
79.73045
93.96994
67.69927
67.69927
72.95035
68.03967
68.03967
74.2751
106.61388
106.61388
123.015495
90.53551
90.53551
93.93184
74.34236
74.34236
79.81962
85.92967
85.92967
76.522675
82.64109
82.64109
140.4451
152.87802
152.87802
134.30606
97.82334
97.82334
83.133804
77.4789
77.4789
78.690636
79.13295
79.13295
75.68698
70.70877
70.70877
78.308075
96.06931
96.06931
105.82292
92.577835
92.577835
88.81401
89.300964
89.300964
92.82201
89.343895
89.343895
82.49666
71.73827
71.73827
169.27719
139.4711
139.4711
140.33447
114.60399
53.8757
56.668503
56.668503
56.298203
48.72856
48.72856
73.222824
97.23911
97.23911
72.462265
102.04507
102.04507
132.90219
92.33138
92.33138
110.84768
110.80412
94.22612
94.22612
110.42796
110.42796
85.16748
77.50142
77.50142
93.93963
119.3979
118.86512
118.86512
89.08707
89.08707
72.71372
101.25755
77.04501
77.04501
100.518425
91.21089
91.21089
97.87754
114.9886
125.12296
96.82626
96.82626
79.687775
95.56743
95.56743
105.926186
94.58574
94.58574
79.049194
72.08984
110.992134
110.992134
89.553085
87.71292
87.71292
110.45495
122.51476
122.51476
107.04206
107.04206
111.32282
103.476295
103.476295
115.32819
86.02111
77.55782
77.55782
115.617966
130.12833
130.12833
100.22891
100.22891
100.49653
93.98239
88.485916
88.485916
86.76245
90.02013
86.93344
84.49379
84.49379
88.65181
123.31479
123.31479
106.37055
114.75213
114.75213
119.1465
122.83272
115.145325
115.145325
116.54303
116.54303
75.6673
84.271515
84.271515
66.84701
113.64519
113.64519
82.70656
81.81233
81.81233
73.310135
87.24362
87.24362
78.298965
80.65103
80.65103
78.4211
76.90988
88.03374
88.03374
131.8205
131.8205
110.35264
120.85318
103.33949
90.821
109.56437
109.56437
94.40741
74.835266
74.835266
84.12071
84.677216
84.677216
98.21385
130.0825
130.0825
97.62776
107.274155
116.0767
116.0767
91.53332
91.53332
107.27503
95.944305
95.944305
94.20223
171.07246
171.07246
146.05661
143.7836
143.7836
150.62819
93.64462
94.741905
94.741905
101.35528
81.041824
81.041824
83.71753
72.758705
72.758705
93.06059
104.28694
104.28694
76.7431
76.7431
77.78908
75.38096
75.38096
106.48136
117.52118
113.992935
113.992935
104.64417
104.64417
116.50916
100.33407
100.33407
138.55176
132.18126
155.30292
155.30292
107.1437
107.563896
107.563896
94.62927
96.644615
96.644615
97.78221
102.316376
102.316376
124.5456
92.74628
92.74628
92.41029
106.71996
106.71996
76.28586
83.11487
83.11487
92.61701
90.979836
90.979836
92.84143
132.75565
132.75565
139.65512
121.86799
121.86799
114.91486
124.52812
124.52812
110.73066
89.139114
89.139114
97.48014
91.252426
91.252426
85.893845
79.52524
79.52524
130.85226
95.77631
95.77631
83.60356
78.46416
78.46416
76.45732
83.928894
83.928894
74.49295
77.88852
77.88852
81.199356
114.36735
114.36735
171.82443
153.57465
153.57465
153.04224
129.16199
129.16199
88.523224
109.40807
109.40807
80.277565
58.472168
58.472168
128.91173
146.86975
146.86975
121.167595
98.60075
98.60075
101.78204
94.23331
94.23331
88.796585
90.58498
90.58498
84.34747
82.08171
82.08171
91.4623
150.57556
150.57556
91.53355
114.05651
114.05651
111.322464
98.91254
98.91254
85.41028
71.232956
71.232956
86.87142
92.521225
92.521225
98.85239
147.78398
147.78398
100.534966
92.744095
92.744095
112.03528
100.95658
100.95658
133.28848
117.55669
117.55669
101.74328
94.57279
94.57279
170.9632
129.52223
129.52223
112.687965
120.98006
120.98006
120.08608
126.15972
126.15972
106.06375
106.426796
106.426796
100.12874
109.22607
109.22607
266.94153
137.03561
137.03561
117.39039
120.48437
120.48437
98.75456
125.03292
125.03292
107.08721
124.79481
124.79481
89.353485
93.1513
93.1513
165.01073
102.57725
102.57725
97.022255
110.62615
110.62615
101.19016
90.54399
90.54399
146.43996
79.00302
79.00302
82.48375
128.18222
128.18222
155.90143
97.3397
97.3397
83.76712
92.46836
92.46836
86.046074
88.3121
88.3121
123.53491
78.990234
78.990234
117.56773
193.25284
193.25284
128.73798
120.813644
120.813644
103.12874
97.06476
97.06476
87.22182
126.581184
126.581184
87.80082
99.66215
99.66215
160.67285
145.09079
145.09079
100.851105
117.5117
117.5117
97.46183
110.60504
110.60504
112.877785
116.38534
116.38534
104.456894
93.08531
93.08531
126.77532
115.62491
115.62491
133.3884
148.5929
148.5929
112.8903
90.94794
90.94794
196.94194
99.87464
99.87464
118.953384
125.361694
125.361694
145.74313
92.30324
92.30324
125.643166
137.8098
137.8098
97.0056
112.884605
112.884605
179.4366
110.64742
110.64742
113.59676
166.52498
166.52498
132.48488
104.93409
104.93409
180.19861
125.236946
125.236946
130.24336
135.23483
135.23483
113.535164
104.22324
104.22324
261.99402
254.87086
254.87086
154.46117
164.25377
164.25377
168.42401
112.31081
112.31081
128.40189
223.0289
223.0289
172.54367
188.6148
188.6148
153.61798
111.80309
111.80309
119.3307
97.28476
97.28476
121.860794
121.860794
86.03168
168.7722
175.3355
175.3355
165.27394
263.32758
263.32758
265.16455
201.10712
201.10712
179.87857
124.70972
124.70972
123.31141
130.98422
130.98422
109.38655
124.93427
124.93427
107.076385
214.47461
214.47461
226.03644
121.97581
121.97581
100.62398
128.52716
128.52716
87.27968
85.30258
85.30258
109.80963
121.02649
121.02649
90.34644
420.11838
420.11838
341.46646
222.95238
222.95238
284.0392
257.1387
257.1387
253.67569
175.77968
175.77968
157.52618
110.93524
110.93524
86.06978
63.52358
63.52358
71.945435
83.65292
83.65292
83.501144
86.777855
86.777855
78.88775
70.1262
70.1262
100.28893
130.05115
130.05115
130.12701
360.23926
360.23926
283.41693
306.14136
306.14136
269.42896
297.18915
297.18915
166.55946
135.16214
135.16214
75.40585
52.14762
52.14762
58.382896
78.05963
78.05963
86.97766
89.6906
89.6906
93.66279
82.54834
82.54834
77.251816
209.99435
209.99435
227.11534
192.96367
192.96367
322.69385
269.00076
269.00076
236.42792
289.4231
289.4231
267.5509
205.78401
205.78401
171.03036
106.488754
106.488754
81.19693
69.19101
69.19101
69.955826
107.80085
107.80085
108.17334
89.694916
89.694916
82.37427
77.896194
77.896194
164.48537
129.41074
129.41074
92.18808
247.47815
247.47815
298.62323
258.51215
258.51215
286.4345
265.38513
265.38513
207.49158
152.38252
152.38252
131.74457
107.21186
107.21186
71.82941
135.99086
135.99086
136.8512
143.9632
143.9632
161.97807
139.54376
139.54376
88.47981
95.403366
95.403366
111.565834
81.60295
81.60295
285.20197
372.55026
372.55026
225.65977
274.80176
274.80176
284.0832
274.17282
274.17282
189.2368
142.32915
142.32915
139.66449
91.02404
91.02404
68.79002
88.46028
88.46028
85.83283
85.83283
87.7336
82.90068
80.17988
80.17988
83.47087
85.80667
85.80667
121.10406
109.96806
109.96806
357.72833
390.25577
390.25577
287.83524
281.10422
281.10422
232.11931
232.11931
207.64975
133.10231
90.61792
90.61792
64.362335
55.16581
55.16581
75.044235
97.44796
97.44796
93.90367
89.05635
89.05635
83.241196
80.84443
80.84443
163.51234
180.87384
180.87384
201.82635
312.3214
312.3214
326.62305
234.82402
234.82402
314.04938
247.69106
247.69106
226.82315
188.95679
188.95679
130.19885
95.85074
95.85074
73.08072
177.2762
177.2762
195.02946
182.64476
182.64476
206.45195
225.72006
225.72006
139.96542
119.207756
119.207756
142.91875
108.849205
108.849205
115.15186
374.8641
374.8641
301.88812
299.2539
299.2539
271.64038
297.95316
297.95316
165.41853
165.41853
134.26407
95.422226
88.81271
88.81271
153.01059
138.693
138.693
131.76225
152.79375
152.79375
144.31615
109.01434
109.01434
106.13035
107.03597
107.03597
103.207146
68.80527
184.83963
339.38464
273.20917
273.20917
237.19783
319.51096
319.51096
257.34756
206.91519
206.91519
201.04018
125.32389
125.32389
96.9245
82.83362
82.83362
72.454056
82.92035
82.92035
84.85502
84.85502
88.81636
80.77304
80.77304
79.10213
78.28685
123.731804
123.731804
91.624725
240.3134
240.3134
321.29846
278.3235
278.3235
285.45477
290.0744
290.0744
214.06006
214.06006
150.48386
116.23107
116.23107
64.40616
53.43345
53.43345
81.938705
89.96265
89.96265
86.846855
90.17724
81.56031
81.56031
79.49117
116.60125
116.60125
263.1624
221.03398
221.03398
248.30959
248.30959
326.12473
223.11462
307.14517
307.14517
273.095
278.20804
278.20804
176.93333
132.00314
132.00314
124.29003
80.443665
80.443665
64.15175
77.43941
77.43941
100.784065
100.784065
100.80282
99.34957
99.34957
89.18062
94.00982
94.00982
154.52286
121.196526
121.196526
82.442856
317.49457
336.7126
336.7126
306.44543
262.31714
262.31714
304.2704
304.2704
206.25641
162.66504
162.66504
114.29783
93.19752
93.19752
123.69266
130.45868
130.45868
128.91415
156.04402
156.04402
160.36543
127.69147
127.69147
84.839035
99.43573
99.43573
81.79796
79.66843
79.66843
394.76843
370.92624
370.92624
204.65752
291.84995
291.84995
256.62756
256.80646
256.80646
178.80194
147.27992
147.27992
123.93733
84.884735
84.884735
73.4261
101.12065
101.12065
93.8307
87.34975
87.34975
79.69121
79.56839
79.56839
76.56837
83.81081
83.81081
120.14027
116.92402
116.92402
414.79895
293.3479
293.3479
263.86194
288.4236
288.4236
244.93518
164.57326
164.57326
135.74402
81.21637
81.21637
49.29435
58.875225
58.875225
94.54509
92.126495
92.126495
88.34848
84.307106
84.307106
82.57417
192.20898
192.20898
243.30154
220.34769
220.34769
206.08325
155.87552
155.87552
97.028145
96.256424
96.256424
85.50499
86.2088
86.2088
93.71525
88.172516
88.172516
76.98132
76.15799
76.15799
116.08762
131.63412
131.63412
103.18477
89.35705
89.35705
91.49443
102.05536
102.05536
84.773415
75.60974
75.60974
86.553696
88.04805
88.04805
113.51164
112.32134
112.32134
103.187874
124.927414
124.927414
103.93507
105.282196
105.282196
90.04806
94.79221
94.79221
83.176056
67.521576
67.521576
104.970856
99.62856
99.62856
122.58039
116.6222
116.6222
119.4378
89.30263
89.30263
105.645226
81.83755
81.83755
78.01041
249.47482
249.47482
402.85098
402.85098
200.68965
302.57657
272.94458
267.86722
208.3056
208.3056
153.91592
153.91592
138.15613
90.865326
60.785183
60.785183
84.71225
86.81679
86.81679
83.6798
83.6798
83.044235
76.59092
76.59092
81.73174
88.55705
88.55705
117.353096
111.126305
329.64493
329.64493
387.4581
301.75342
301.75342
255.91821
315.64432
315.64432
240.62013
203.40707
149.9462
89.493
89.493
66.55963
49.195717
80.56926
80.56926
84.19986
84.19986
91.4767
90.68747
83.28262
83.28262
90.2749
129.54459
129.54459
177.34398
187.988
187.988
167.94994
321.30368
321.30368
254.92532
310.63388
310.63388
268.24243
218.46646
218.46646
190.29712
139.34921
139.34921
104.91497
69.86244
69.86244
59.33295
84.38573
84.38573
99.021614
107.22491
107.22491
95.32236
90.10452
90.10452
120.26953
157.3241
157.3241
115.77815
90.03577
90.03577
399.9684
328.0412
328.0412
286.02045
276.38843
276.38843
295.26102
241.23732
241.23732
153.17163
98.688255
98.688255
86.02589
149.69324
149.69324
138.16365
133.84222
133.84222
157.22092
147.5239
147.5239
114.65368
97.70378
97.70378
109.26121
108.65893
108.65893
70.57867
156.5728
156.5728
302.27377
302.27377
267.3808
291.5218
281.25504
281.25504
204.87552
204.87552
195.20967
139.34201
139.34201
92.33505
82.60045
73.00307
73.00307
77.55975
86.850716
86.850716
86.7294
86.50102
85.23247
74.25304
71.19851
71.19851
114.67584
97.05375
97.05375
208.62271
352.16733
352.16733
282.79602
261.53223
261.53223
313.67526
263.69745
263.69745
220.73059
156.55237
156.55237
65.011925
52.79885
52.79885
79.02379
90.64239
90.64239
88.45438
97.84596
97.84596
88.76323
77.02097
77.02097
81.04674
257.8584
257.8584
241.78693
170.34999
170.34999
264.42596
290.7064
241.23463
286.74796
268.24103
268.24103
280.14026
198.47513
198.47513
133.49536
110.23194
110.23194
89.96546
91.44822
91.44822
223.48265
145.29872
145.29872
231.10161
206.67377
206.67377
169.96722
118.016914
118.016914
166.99428
123.639
123.639
77.42119
306.78882
306.78882
350.80563
283.764
283.764
246.8925
296.0525
296.0525
253.64473
194.00822
194.00822
176.01627
156.87355
156.87355
143.7396
90.1766
90.1766
118.83203
111.09352
111.09352
157.83978
130.34033
130.34033
94.181076
94.55383
94.55383
109.76938
88.04147
88.04147
78.9769
391.69205
391.69205
389.9048
299.2999
299.2999
267.75937
233.95299
233.95299
198.28734
135.9483
135.9483
116.51449
67.311035
67.311035
90.88049
75.431564
75.431564
106.40487
102.71508
102.71508
92.40931
92.01993
92.01993
72.84457
117.44927
117.44927
102.91224
118.2039
118.2039
430.6874
362.33545
362.33545
254.78561
268.00092
268.00092
283.32416
260.1624
260.1624
156.82596
148.73111
148.73111
110.63964
99.27292
99.27292
111.781
94.43819
94.43819
126.36513
101.92647
101.92647
80.9792
81.37625
81.37625
220.44986
265.98645
265.98645
199.77402
184.91829
184.91829
308.35794
276.3987
269.80923
284.72736
284.72736
295.4882
209.67375
167.07278
167.07278
162.91405
101.569855
101.569855
117.86368
86.61262
86.61262
100.16202
91.782776
91.782776
102.31998
82.84991
82.84991
74.154526
74.154526
73.92345
77.86879
77.86879
67.704895
186.7597
186.7597
309.44925
248.39153
242.06783
242.06783
297.19974
251.55939
251.55939
226.23021
152.26819
152.26819
104.9014
78.51607
68.84627
99.1279
99.1279
103.82666
112.22815
111.336716
111.336716
85.804565
84.30849
84.30849
83.74537
81.37614
81.37614
84.19348
76.314896
76.314896
240.99983
352.2002
352.2002
318.48788
318.48788
258.21344
269.42053
269.42053
215.56514
150.00523
132.40562
132.40562
79.319565
58.329235
58.329235
81.63718
83.98401
83.98401
89.102394
92.65397
92.65397
83.314766
77.23552
75.380005
83.06773
83.06773
89.729645
103.149734
103.149734
287.62195
362.72272
362.72272
298.77032
256.00354
256.00354
292.5207
257.99948
171.15758
171.15758
139.7782
139.7782
75.714554
88.097626
88.097626
93.29401
102.93514
102.93514
97.822655
107.891884
107.891884
77.92974
76.269424
76.269424
136.75903
185.40997
185.40997
162.03291
184.38797
183.15038
183.15038
152.81903
94.98578
99.29944
87.606964
87.606964
86.47127
69.013275
73.57693
73.57693
85.24364
73.22633
73.22633
75.08824
84.65773
84.65773
80.35546
68.12517
68.12517
44.100445
41.11721
41.11721
36.007835
77.516815
77.516815
100.91508
74.224754
74.224754
78.83425
63.260452
63.260452
52.44397
59.082726
59.082726
40.38315
46.494385
46.494385
43.137356
54.309425
54.309425
127.09493
117.90868
117.90868
108.57682
63.045532
63.045532
74.95599
72.34891
72.34891
72.307144
137.38934
137.38934
204.37015
93.337875
93.337875
92.20507
144.91966
144.91966
370.33844
287.45737
287.45737
269.34842
303.9573
303.9573
210.29716
178.08754
178.08754
152.73811
97.44171
97.44171
85.851135
64.27107
64.27107
85.01132
95.68177
95.68177
83.558395
81.26997
81.26997
75.043884
77.15831
77.15831
106.10984
120.7196
120.7196
190.09058
291.02023
291.02023
236.65187
248.37238
248.37238
308.8911
266.59988
266.59988
224.69513
166.89444
166.89444
111.59925
69.79715
69.79715
52.309418
71.557724
71.557724
91.73154
89.60368
89.60368
87.15766
77.80723
77.80723
76.74779
243.47923
243.47923
250.85535
166.41927
166.41927
233.62508
262.08508
262.08508
263.95026
273.99792
273.99792
289.0479
217.6831
217.6831
134.54527
105.11911
105.11911
90.73386
61.439743
61.439743
76.67357
105.363335
105.363335
109.13417
97.44562
97.44562
85.0016
88.04492
88.04492
98.06325
176.37244
176.37244
76.113205
287.52805
287.52805
366.0513
237.89262
237.89262
256.29306
287.88004
287.88004
257.6123
182.97824
182.97824
174.57288
128.60078
128.60078
90.79073
96.61546
96.61546
137.35643
148.23978
148.23978
124.58741
109.7627
109.7627
94.47357
105.14892
105.14892
106.84213
95.80759
95.80759
84.882034
353.00876
353.00876
354.59436
264.4794
264.4794
279.69186
235.6857
235.6857
189.68114
166.20663
166.20663
118.96036
96.76723
96.76723
144.26746
96.02377
96.02377
103.24131
104.72613
104.72613
118.7796
86.1758
86.1758
85.58739
78.306946
78.306946
89.57921
108.015
108.015
384.2094
383.38757
383.38757
238.39836
305.27612
305.27612
263.00198
257.7092
257.7092
166.3372
123.92455
123.92455
99.9752
47.486015
47.486015
60.278183
87.3291
87.3291
104.10402
128.42325
128.42325
110.91085
77.33187
77.33187
166.32518
247.55856
247.55856
152.11212
179.76318
179.76318
378.6424
258.81784
258.81784
306.92612
257.43567
257.43567
263.1801
161.38191
161.38191
141.0686
81.355804
81.355804
74.9877
196.38963
196.38963
200.2224
189.65186
189.65186
197.2589
242.28552
242.28552
179.00557
126.25646
126.25646
129.59839
132.10112
132.10112
167.43132
276.583
276.583
310.88882
228.75798
228.75798
313.16815
256.7076
256.7076
206.07953
169.06865
169.06865
125.59837
94.74179
94.74179
83.83278
154.7524
154.7524
130.40494
139.13727
139.13727
155.52238
146.32596
146.32596
96.705536
98.85454
98.85454
100.845566
68.789085
68.789085
258.42578
307.2204
307.2204
264.44055
289.35434
289.35434
286.7182
250.2726
250.2726
233.3053
157.0251
157.0251
123.4582
112.56928
112.56928
70.147385
112.4461
112.4461
100.983986
111.51942
111.51942
97.76767
80.318016
80.318016
72.09573
75.91441
75.91441
105.38544
104.29309
104.29309
277.649
383.81204
383.81204
228.53532
290.5969
290.5969
292.6012
181.71819
181.71819
155.8913
95.47305
95.47305
61.320263
51.35752
51.35752
96.634796
102.50747
102.50747
107.573204
103.42196
103.42196
91.516426
94.92953
94.92953
121.01624
226.66132
226.66132
177.97993
235.69438
235.69438
324.2871
311.03223
311.03223
255.53513
310.00974
310.00974
227.88756
172.29703
172.29703
153.72266
105.911285
105.911285
70.06427
63.637043
63.637043
100.96237
104.19774
104.19774
105.740326
98.39587
98.39587
90.39032
116.08424
116.08424
152.3183
68.64122
68.64122
346.94345
365.08197
365.08197
227.89154
320.89944
320.89944
272.4553
261.969
261.969
185.9375
137.80441
137.80441
122.34342
106.0458
106.0458
166.70274
156.6826
156.6826
119.507706
135.61055
135.61055
112.592155
95.13766
95.13766
104.44968
126.288864
126.288864
102.90019
104.05523
104.05523
438.08362
287.0881
287.0881
262.6565
256.65512
256.65512
291.06924
167.561
167.561
168.72044
89.74332
89.74332
121.61101
106.18035
106.18035
100.69131
117.751465
117.751465
120.52672
81.48593
81.48593
95.706856
82.21048
82.21048
78.983536
100.92428
100.92428
160.87602
160.87602
315.99573
268.30334
259.82672
259.82672
299.2631
288.61688
288.61688
210.92209
165.6759
165.6759
120.42872
71.52943
71.52943
51.921055
78.32509
78.32509
87.3965
92.96982
102.684425
92.61543
92.61543
120.55769
75.0367
75.0367
222.51062
253.89981
167.50464
167.50464
240.29039
267.36023
267.36023
244.97713
233.8393
233.8393
303.052
249.15005
249.15005
227.70143
145.14949
145.14949
103.27176
85.47538
85.47538
76.321144
241.31085
174.21239
178.069
178.069
221.6366
198.56268
198.56268
163.6322
118.72394
103.32184
103.32184
88.12242
88.12242
73.9491
263.2027
263.2027
354.75317
224.00902
287.50198
287.50198
268.44098
268.44098
193.99396
158.5994
158.5994
140.72842
89.71292
89.71292
160.54395
329.78635
329.78635
238.94168
303.65402
278.5174
278.5174
301.77472
214.19545
214.19545
161.66441
144.45654
93.42415
82.071945
82.071945
301.9099
360.86157
360.86157
291.1613
257.91312
257.91312
285.1031
244.91948
198.55627
198.55627
156.23787
156.23787
117.87461
83.806305
83.806305
76.691055
84.329636
84.329636
91.26956
86.41382
86.41382
87.51909
79.91495
79.91495
87.81008
146.65593
146.65593
167.2144
123.34043
376.15018
376.15018
377.7638
241.19272
241.19272
319.41632
265.80115
245.26042
198.31914
198.31914
124.86944
96.43742
96.43742
51.384483
68.18951
88.093124
88.093124
87.56001
85.82025
85.82025
86.795746
94.95805
94.95805
83.75296
154.94603
154.94603
171.93268
171.93268
245.71495
387.2585
387.2585
298.99518
263.1129
263.1129
281.09326
254.93459
244.09708
244.09708
172.22292
139.63899
139.63899
81.20535
71.798294
71.798294
68.10611
109.534546
96.42161
95.93352
95.93352
96.679436
93.15596
82.87663
82.87663
143.42001
142.24335
142.24335
101.8676
149.09772
149.09772
313.43448
313.43448
322.96597
259.2533
259.2533
295.31897
203.79492
203.79492
170.28073
127.2598
127.2598
97.137886
80.5622
80.5622
117.950195
117.950195
117.950195
128.70714
134.63196
134.63196
121.43552
115.07857
115.07857
119.72665
114.091446
114.091446
73.36198
208.49117
208.49117
313.87054
240.3224
240.3224
240.90245
240.69414
240.69414
225.6513
173.80325
173.80325
122.25564
116.11877
116.11877
103.447075
127.05803
127.05803
100.90062
84.48477
84.48477
99.28099
95.91186
95.91186
78.1987
71.39101
71.39101
125.772
105.29706
105.29706
241.657
366.68845
366.68845
215.64453
301.78015
301.78015
273.1476
277.96185
277.96185
200.4574
150.62814
150.62814
109.124344
64.9285
64.9285
83.489334
83.489334
93.087585
89.6249
89.6249
85.05104
101.834236
79.97455
79.97455
114.13665
222.83633
222.83633
211.28583
186.96007
186.96007
243.50682
329.11862
329.11862
258.5281
265.145
308.64706
237.56496
237.56496
167.12607
145.84167
112.207664
112.207664
71.31471
134.11852
134.11852
186.60236
177.78154
177.78154
177.29247
220.5316
220.5316
197.73297
159.44672
159.44672
157.12009
116.520615
116.520615
69.96916
349.3323
349.3323
354.49432
244.19492
244.19492
305.50464
282.27588
282.27588
242.83049
209.09059
209.09059
142.87593
117.4827
117.4827
80.361115
126.24378
126.24378
126.37727
156.26682
156.26682
154.24976
118.05025
118.05025
92.28761
104.587875
104.587875
104.45619
81.731705
81.731705
91.21488
444.85287
444.85287
331.19714
241.37097
241.37097
271.3507
250.23555
250.23555
176.55219
167.22227
167.22227
94.87214
87.03337
87.03337
68.222855
87.31232
87.31232
104.00895
100.81523
100.81523
98.45243
88.184135
88.184135
78.74173
108.16396
108.16396
134.7927
143.84042
143.84042
320.8741
279.6709
279.6709
289.80847
274.97272
274.97272
290.4904
208.03957
208.03957
167.27158
128.78381
128.78381
73.0934
51.03736
51.03736
77.65951
90.77846
90.77846
87.90822
92.820114
92.820114
79.52112
111.80697
111.80697
226.28662
220.88127
220.88127
199.31439
223.67569
223.67569
282.23346
249.6996
249.6996
227.32253
292.63562
292.63562
258.22754
217.88345
217.88345
107.41797
79.39685
79.39685
69.185486
72.31099
72.31099
96.3726
111.08392
111.08392
114.26888
92.82615
92.82615
86.45478
74.9715
74.9715
134.04352
134.04352
94.12686
257.68225
327.03885
327.03885
237.38829
284.33832
284.33832
261.49298
261.49298
261.3705
208.76952
147.50635
147.50635
138.32729
98.74726
98.74726
88.820145
146.76312
116.629395
112.63478
112.63478
155.72388
136.98425
96.55949
96.55949
95.84511
107.303925
107.303925
88.37816
88.37816
77.214966
69.280426
89.1364
89.1364
104.101555
166.99733
166.99733
131.52057
131.52057
110.77988
122.00334
122.00334
122.5861
107.58726
107.58726
133.74548
77.06647
77.06647
119.76688
123.76549
94.09808
94.09808
85.6801
78.99788
78.99788
83.56953
88.66446
109.93214
117.19034
117.19034
132.95517
86.98621
86.98621
87.350655
75.08645
75.08645
79.67372
78.737404
78.737404
45.071663
43.9611
48.960365
48.960365
53.433765
74.03315
74.03315
150.58067
150.58067
110.479935
77.75346
77.75346
81.50951
69.45944
69.45944
92.495895
131.65955
85.89859
85.89859
66.85826
51.253483
51.253483
47.724876
54.995052
54.995052
54.494843
48.893448
43.566265
39.315502
39.315502
37.330654
44.143833
44.143833
55.98346
71.8743
71.8743
96.463646
126.84121
126.84121
99.42239
42.827637
38.841156
38.841156
41.989037
47.466785
47.466785
76.93919
76.93919
136.47397
150.22168
150.22168
102.04823
78.745224
78.745224
75.75145
60.353584
61.235954
61.235954
71.26822
65.567856
65.567856
49.994087
52.616936
52.616936
58.721954
52.724865
48.337105
55.210835
52.904755
52.904755
60.71148
46.395493
46.395493
43.642876
43.563957
43.563957
47.328793
80.01048
80.01048
74.95536
78.06446
78.06446
69.18227
84.98895
84.98895
69.90263
70.10274
70.10274
71.247986
71.247986
83.15349
80.94568
69.078
69.078
115.018295
99.11991
99.11991
124.2907
119.59671
119.59671
100.15108
91.77948
91.77948
80.611855
94.378265
94.378265
75.17108
97.36236
97.36236
102.54368
98.77592
98.77592
68.2794
86.95336
78.86752
76.330284
76.330284
69.707
76.05935
76.05935
69.63255
91.24801
91.24801
100.346245
97.08887
97.08887
118.70402
165.696
165.696
117.181274
152.85733
152.85733
106.79374
91.16772
91.16772
126.995735
100.94394
100.94394
98.39436
60.77824
60.77824
63.107597
63.997505
63.997505
73.82152
74.37
74.37
67.838486
79.11101
79.11101
86.10698
78.06378
78.06378
98.10661
97.78442
97.78442
114.3849
106.54437
106.54437
89.40245
106.73912
106.73912
127.66696
101.20298
101.20298
111.46664
118.22834
118.22834
90.000946
67.646576
67.646576
68.49375
53.789665
53.789665
71.93441
69.93959
69.93959
64.590775
62.23324
62.23324
121.11852
108.81422
108.81422
163.14963
148.58179
148.58179
192.38051
156.99109
156.99109
151.6796
110.17017
110.17017
71.105255
61.26415
61.26415
81.25938
71.72658
71.72658
69.18504
79.42639
79.42639
66.503235
65.87259
65.87259
67.336975
78.38623
78.38623
73.35486
73.17808
73.17808
100.43909
99.806755
99.806755
113.225716
124.12801
124.12801
111.26932
105.5027
105.5027
88.107285
91.72246
91.72246
96.35879
77.86568
77.86568
88.375565
91.06474
91.06474
80.350235
86.82519
86.82519
93.84836
71.92609
71.92609
76.4783
60.848938
60.848938
93.437195
93.00168
93.00168
116.42517
113.992905
113.992905
122.47254
163.1622
163.1622
140.40512
116.00443
116.00443
110.15279
114.75419
114.75419
125.55834
95.961334
95.961334
69.305954
59.881615
59.881615
69.93628
63.281555
63.281555
69.30518
85.21782
85.21782
98.582436
98.582436
84.01753
73.25952
73.25952
120.85775
99.00564
121.70256
121.70256
120.73472
96.04037
96.04037
92.85686
99.88545
99.88545
89.645485
93.228745
93.228745
100.02354
100.02354
99.04479
77.043396
77.043396
63.553314
63.3258
63.3258
67.67444
79.47085
48.43142
48.43142
106.14684
88.145226
88.145226
82.73459
126.30333
126.30333
170.38277
185.62465
182.65112
142.91019
142.91019
141.99551
90.90221
90.90221
68.965164
53.12114
53.12114
74.6974
78.51806
78.51806
72.16335
79.90666
79.90666
72.40956
63.562523
68.11654
68.11654
78.19304
78.19304
90.03195
78.64725
78.64725
87.85936
95.257614
95.257614
99.27991
120.17037
120.17037
108.11988
93.030945
93.030945
84.036156
82.44617
82.44617
86.57894
109.408775
109.408775
86.77584
97.2761
97.2761
59.530273
83.14464
83.14464
85.595375
85.06068
85.06068
89.395386
65.206726
65.206726
86.62962
71.03712
71.03712
101.06354
123.58693
112.74918
112.74918
134.95235
134.95235
119.49132
158.62119
158.62119
97.8286
101.93069
101.93069
128.26427
99.2591
99.2591
80.78731
67.38768
67.38768
57.035995
61.197292
61.197292
73.8674
74.36075
74.36075
84.43227
68.97931
68.97931
80.40865
89.51073
89.51073
103.50378
119.999725
119.999725
131.08035
114.13879
114.13879
102.99294
102.54789
102.54789
134.73923
95.4987
95.4987
115.21875
85.519264
85.519264
89.41592
52.567898
52.567898
69.71423
62.90817
62.90817
73.95902
58.28586
58.28586
76.08496
59.003517
59.003517
127.49784
122.74001
122.74001
156.21942
184.6092
184.6092
169.6773
131.90253
131.90253
129.43837
99.44453
99.44453
60.87564
74.152756
74.152756
83.69645
70.24042
70.24042
62.740017
84.45792
84.45792
77.44461
79.31582
79.31582
67.42765
88.18689
88.18689
60.484932
75.631195
75.631195
96.27669
110.72972
110.72972
115.25474
107.89134
107.89134
104.423325
101.17618
101.17618
95.138794
77.278015
77.278015
91.53093
89.36331
89.36331
79.02633
61.395172
61.395172
75.877884
86.199
86.199
84.53627
84.840805
84.840805
87.84541
80.99653
80.99653
86.1104
111.54307
111.54307
136.365
158.05997
158.05997
108.61091
137.90009
137.90009
149.8655
109.714775
109.714775
101.64953
99.697655
99.697655
121.02311
123.28813
123.28813
128.0583
115.43362
115.43362
134.23947
86.74617
86.74617
92.99956
119.054535
119.054535
125.21654
85.146545
85.146545
115.46684
92.609825
92.609825
155.46985
121.44713
121.44713
104.98236
112.5547
112.5547
125.582726
125.582726
121.72415
85.65561
85.65561
96.07868
114.223976
114.223976
160.75339
110.53701
92.75639
92.75639
90.87377
90.96515
90.96515
110.95901
94.07833
94.07833
84.69504
84.69504
107.016365
126.40173
126.40173
109.243065
96.34909
96.34909
80.5751
111.64179
111.64179
150.93538
127.0565
127.0565
83.89967
81.76987
81.76987
133.93399
114.26064
117.40287
117.40287
92.224884
134.54099
91.69193
94.58118
94.58118
94.42293
100.47573
100.47573
87.88054
80.15373
80.15373
105.48099
96.41172
96.41172
101.274956
86.03963
109.06707
109.06707
124.15976
98.400024
98.400024
77.98519
77.98519
102.74883
124.64414
124.64414
117.86889
105.38817
105.38817
110.2253
78.5285
78.5285
93.26499
80.21635
90.81238
90.81238
87.73399
96.01417
96.01417
97.28545
93.12268
118.04183
107.65415
107.65415
94.44897
90.362206
90.362206
87.359
112.84872
103.0438
103.0438
92.65938
74.72174
74.72174
143.3174
124.789246
124.789246
108.64723
88.44056
88.44056
87.11263
87.11263
91.56801
89.81255
89.81255
85.87363
84.42299
84.42299
100.883194
106.57251
106.57251
107.4274
100.62115
100.62115
108.85049
80.07471
80.07471
91.389275
138.03395
138.03395
92.44366
91.00185
91.00185
112.93272
126.10746
126.10746
152.30753
99.981186
99.981186
81.97622
87.06847
87.06847
76.177734
79.79933
79.79933
81.43574
76.74707
76.74707
144.76166
128.13904
128.13904
133.6066
103.709435
103.709435
83.18274
80.184326
80.184326
100.28744
100.48582
100.48582
86.111664
84.52432
84.52432
128.54553
110.58004
110.58004
113.557625
90.32984
90.32984
73.78148
73.07666
73.07666
81.74126
74.3255
74.3255
111.24886
78.879425
78.879425
93.21791
93.727295
93.727295
94.105865
80.861115
80.861115
93.18611
90.13217
90.13217
69.74645
82.20056
82.20056
124.44786
82.07558
82.07558
99.407555
91.570564
91.570564
96.3582
79.525024
